1	 13
2	 11
4	 12
6	 13
7	 12
8	 12
9	 12
10	 12
11	 11
12	 12
13	 10
367	 14
368	 10
370	 11
371	 15
372	 14
373	 13
374	 11
375	 13
376	 11
377	 10
378	 13
379	 9
551	 14
553	 15
557	 15
559	 14
560	 14
562	 13
733	 12
734	 8
736	 9
737	 13
738	 12
739	 11
740	 9
741	 11
742	 9
743	 8
744	 11
745	 7
746	 15
916	 14
917	 12
919	 13
921	 14
922	 13
923	 13
924	 13
925	 13
926	 12
927	 13
928	 11
1099	 14
1100	 10
1102	 11
1103	 15
1104	 14
1105	 13
1106	 11
1107	 13
1108	 11
1109	 10
1110	 13
1111	 9
1282	 12
1283	 10
1285	 11
1286	 13
1287	 12
1288	 13
1289	 11
1290	 13
1291	 10
1292	 10
1293	 13
1294	 9
1465	 15
1466	 13
1468	 14
1470	 15
1471	 14
1472	 14
1473	 14
1474	 14
1475	 13
1476	 14
1477	 12
1649	 14
1651	 15
1655	 15
1657	 15
1658	 14
1660	 15
1831	 12
1832	 10
1834	 11
1835	 13
1836	 12
1837	 13
1838	 11
1839	 13
1840	 10
1841	 10
1842	 13
1843	 9
2014	 14
2015	 12
2017	 13
2019	 14
2020	 13
2021	 13
2022	 13
2023	 13
2024	 12
2025	 13
2026	 11
2198	 14
2199	 15
2200	 15
2201	 14
2203	 15
2206	 11
2207	 12
2375	 14
2376	 15
2713	 15
3042	 14
3043	 12
3044	 13
3045	 13
3046	 12
3047	 14
3048	 13
3049	 14
3050	 14
3051	 9
3052	 10
3212	 14
3213	 15
3214	 15
3215	 14
3217	 15
3220	 11
3221	 12
3558	 13
3559	 14
3719	 15
3722	 15
3727	 13
3728	 14
4056	 14
4057	 12
4058	 13
4059	 13
4060	 12
4061	 14
4062	 13
4063	 14
4064	 14
4065	 9
4066	 10
4234	 15
4403	 13
4404	 14
4563	 15
4564	 14
4565	 15
4724	 15
4725	 12
4726	 13
4886	 14
4887	 15
5047	 13
5048	 14
5208	 12
5209	 13
5369	 14
5370	 15
5530	 13
5531	 14
5691	 14
5692	 15
5851	 12
5852	 15
5853	 15
5856	 9
5857	 12
5859	 8
5860	 13
5861	 15
5862	 14
5863	 13
6017	 15
6325	 12
6326	 15
6327	 12
6329	 14
6330	 14
6331	 10
6332	 12
6334	 15
6335	 13
6336	 14
6337	 11
6338	 9
6339	 10
6340	 14
6341	 15
6342	 14
6344	 11
6361	 15
6469	 7
6470	 10
6471	 7
6472	 14
6473	 9
6474	 9
6475	 5
6476	 7
6477	 12
6478	 12
6479	 8
6480	 9
6481	 6
6482	 4
6483	 5
6484	 9
6485	 10
6486	 9
6487	 11
6488	 6
6489	 12
6490	 13
6491	 13
6492	 14
6493	 15
6495	 14
6496	 15
6497	 14
6498	 13
6500	 14
6501	 15
6502	 12
6503	 15
6504	 12
6505	 10
6506	 12
6507	 13
6508	 13
6509	 14
6510	 15
6511	 14
6513	 14
6514	 12
6515	 14
6516	 15
6517	 15
6518	 14
6519	 14
6520	 13
6521	 14
6562	 15
6613	 9
6614	 12
6615	 9
6617	 11
6618	 11
6619	 5
6620	 7
6621	 14
6622	 13
6623	 10
6624	 11
6625	 8
6626	 6
6627	 7
6628	 11
6629	 12
6630	 11
6631	 13
6632	 8
6633	 14
6634	 15
6635	 15
6642	 15
6646	 14
6648	 14
6649	 12
6650	 14
6651	 15
6652	 15
6658	 14
6664	 15
6757	 10
6758	 13
6759	 10
6761	 12
6762	 12
6763	 8
6764	 10
6765	 15
6766	 15
6767	 11
6768	 12
6769	 9
6770	 7
6771	 8
6772	 12
6773	 13
6774	 12
6775	 14
6776	 9
6777	 15
6790	 15
6792	 15
6793	 13
6794	 13
6802	 15
6901	 9
6902	 12
6903	 9
6905	 11
6906	 11
6907	 7
6908	 10
6909	 14
6910	 14
6911	 10
6912	 11
6913	 8
6914	 6
6915	 7
6916	 11
6917	 12
6918	 11
6919	 13
6920	 8
6921	 14
6922	 15
6923	 15
6930	 15
6934	 14
6936	 14
6937	 12
6938	 14
6939	 15
6940	 15
6946	 14
6952	 15
7051	 14
7052	 15
7057	 15
7058	 13
7059	 14
7064	 15
7189	 12
7190	 15
7191	 12
7193	 14
7194	 14
7195	 10
7196	 12
7198	 15
7199	 13
7200	 14
7201	 11
7202	 9
7203	 10
7204	 14
7205	 15
7206	 14
7208	 11
7222	 15
7225	 15
7333	 10
7334	 13
7335	 10
7337	 12
7338	 12
7339	 8
7340	 10
7341	 15
7342	 15
7343	 11
7344	 12
7345	 9
7346	 7
7347	 8
7348	 12
7349	 11
7350	 12
7351	 14
7352	 9
7353	 15
7366	 15
7368	 15
7369	 13
7370	 13
7378	 15
7381	 14
7483	 14
7484	 15
7489	 15
7490	 13
7491	 14
7496	 15
7634	 15
7765	 14
7767	 14
7771	 12
7772	 14
7775	 15
7777	 13
7778	 11
7779	 12
7781	 15
7784	 13
7909	 10
7910	 11
7911	 8
7912	 15
7913	 12
7914	 12
7915	 10
7916	 12
7917	 15
7918	 14
7919	 11
7920	 12
7921	 7
7922	 7
7923	 8
7924	 12
7925	 13
7926	 10
7927	 14
7928	 9
7929	 15
7942	 15
7944	 15
7945	 13
7946	 15
7954	 15
8066	 15
8197	 13
8199	 12
8201	 15
8202	 15
8203	 11
8204	 13
8207	 14
8208	 15
8209	 11
8210	 10
8211	 11
8212	 15
8214	 15
8216	 10
8341	 5
8342	 6
8343	 6
8344	 7
8345	 8
8346	 9
8347	 7
8348	 8
8349	 7
8350	 6
8351	 9
8352	 7
8353	 8
8354	 5
8355	 8
8356	 5
8357	 3
8358	 5
8359	 6
8360	 6
8361	 7
8362	 8
8363	 7
8364	 9
8365	 7
8366	 5
8367	 7
8368	 8
8369	 8
8370	 7
8371	 7
8372	 6
8373	 7
8374	 11
8375	 11
8376	 12
8377	 10
8379	 11
8380	 15
8381	 11
8382	 12
8383	 11
8385	 13
8386	 14
8387	 9
8388	 10
8389	 12
8390	 10
8391	 10
8393	 13
8395	 11
8396	 15
8398	 12
8399	 11
8400	 14
8401	 14
8403	 10
8404	 14
8405	 12
8407	 12
8408	 13
8409	 12
8410	 12
8412	 11
8413	 12
8414	 8
8415	 13
8416	 12
8417	 15
8419	 12
8421	 13
8430	 13
8431	 13
8433	 13
8465	 6
8466	 7
8467	 7
8468	 8
8469	 9
8470	 10
8471	 8
8472	 9
8473	 8
8474	 7
8475	 10
8476	 8
8477	 9
8478	 6
8479	 9
8480	 6
8481	 4
8482	 6
8483	 7
8484	 7
8485	 8
8486	 9
8487	 8
8488	 10
8489	 8
8490	 6
8491	 8
8492	 9
8493	 9
8494	 8
8495	 8
8496	 7
8497	 8
8498	 9
8499	 9
8500	 10
8501	 8
8502	 15
8503	 9
8504	 13
8505	 9
8506	 10
8507	 9
8508	 15
8509	 11
8510	 12
8511	 8
8512	 8
8513	 10
8514	 8
8515	 9
8516	 14
8517	 11
8519	 9
8520	 13
8522	 10
8523	 10
8524	 12
8525	 12
8526	 14
8527	 8
8528	 12
8529	 10
8530	 14
8531	 10
8532	 11
8533	 10
8534	 10
8535	 15
8536	 9
8537	 10
8538	 7
8539	 11
8540	 10
8541	 13
8542	 15
8543	 10
8545	 11
8547	 15
8548	 15
8554	 11
8555	 11
8557	 11
8563	 15
8565	 15
8589	 11
8590	 12
8591	 12
8592	 13
8593	 14
8594	 15
8595	 13
8596	 14
8597	 13
8598	 12
8599	 15
8600	 13
8601	 14
8602	 11
8603	 14
8604	 11
8605	 9
8606	 11
8607	 12
8608	 12
8609	 13
8610	 14
8611	 13
8612	 15
8613	 13
8614	 11
8615	 13
8616	 14
8617	 14
8618	 13
8619	 13
8620	 12
8621	 13
8622	 15
8623	 15
8625	 14
8627	 15
8629	 15
8631	 15
8635	 13
8636	 14
8638	 14
8639	 14
8643	 15
8647	 15
8651	 14
8660	 15
8662	 12
8713	 8
8714	 9
8715	 9
8716	 10
8717	 11
8718	 12
8719	 10
8720	 10
8721	 10
8722	 9
8723	 12
8724	 10
8725	 11
8726	 9
8727	 11
8728	 8
8729	 8
8730	 8
8731	 9
8732	 9
8733	 10
8734	 11
8735	 10
8736	 12
8737	 10
8738	 8
8739	 10
8740	 11
8741	 11
8742	 10
8743	 8
8744	 9
8745	 10
8746	 8
8747	 8
8748	 9
8749	 7
8750	 13
8751	 10
8752	 10
8753	 8
8754	 9
8755	 6
8756	 13
8757	 10
8758	 11
8759	 6
8760	 7
8761	 9
8762	 7
8763	 7
8764	 13
8765	 9
8767	 6
8768	 10
8769	 15
8770	 9
8771	 8
8772	 11
8773	 10
8774	 11
8775	 7
8776	 9
8777	 9
8778	 12
8779	 9
8780	 10
8781	 9
8782	 9
8783	 13
8784	 8
8785	 7
8786	 3
8787	 10
8788	 7
8789	 12
8790	 14
8791	 8
8792	 15
8793	 10
8794	 14
8795	 15
8796	 14
8802	 10
8803	 10
8805	 8
8811	 13
8813	 13
8814	 15
8815	 15
8817	 15
8837	 3
8838	 4
8839	 4
8840	 6
8841	 7
8842	 8
8843	 5
8844	 6
8845	 6
8846	 4
8847	 8
8848	 5
8849	 7
8850	 3
8851	 6
8852	 4
8853	 1
8854	 3
8855	 5
8856	 4
8857	 5
8858	 7
8859	 5
8860	 8
8861	 5
8862	 4
8863	 5
8864	 7
8865	 6
8866	 5
8867	 5
8868	 5
8869	 5
8870	 10
8871	 10
8872	 12
8873	 10
8875	 10
8876	 14
8877	 11
8878	 11
8879	 11
8881	 12
8882	 13
8883	 9
8884	 9
8885	 10
8886	 10
8887	 9
8888	 14
8889	 12
8891	 11
8892	 14
8894	 11
8895	 10
8896	 12
8897	 13
8898	 15
8899	 10
8900	 12
8901	 11
8902	 15
8903	 11
8904	 12
8905	 12
8906	 11
8908	 10
8909	 12
8910	 8
8911	 12
8912	 12
8913	 14
8915	 11
8917	 12
8926	 12
8927	 12
8929	 12
8961	 5
8962	 6
8963	 6
8964	 7
8965	 8
8966	 9
8967	 7
8968	 8
8969	 7
8970	 6
8971	 9
8972	 7
8973	 8
8974	 5
8975	 8
8976	 5
8977	 3
8978	 5
8979	 6
8980	 6
8981	 7
8982	 8
8983	 7
8984	 9
8985	 7
8986	 5
8987	 7
8988	 8
8989	 8
8990	 7
8991	 7
8992	 6
8993	 7
8994	 11
8995	 11
8996	 12
8997	 10
8999	 11
9000	 15
9001	 11
9002	 12
9003	 11
9005	 13
9006	 14
9007	 9
9008	 10
9009	 12
9010	 10
9011	 10
9012	 14
9013	 13
9015	 11
9016	 15
9018	 12
9019	 11
9020	 14
9021	 14
9023	 10
9024	 14
9025	 12
9027	 12
9028	 13
9029	 12
9030	 12
9032	 11
9033	 12
9034	 8
9035	 13
9036	 12
9037	 15
9039	 12
9041	 13
9050	 13
9051	 13
9053	 13
9085	 11
9086	 12
9087	 12
9088	 13
9089	 14
9090	 15
9091	 13
9092	 14
9093	 13
9094	 12
9095	 14
9096	 13
9097	 14
9098	 11
9099	 14
9100	 11
9101	 9
9102	 11
9103	 12
9104	 12
9105	 13
9106	 14
9107	 13
9108	 15
9109	 13
9110	 11
9111	 13
9112	 14
9113	 14
9114	 13
9115	 13
9116	 12
9117	 13
9131	 15
9158	 14
9209	 14
9210	 15
9211	 15
9218	 15
9222	 14
9224	 14
9225	 12
9226	 14
9227	 15
9228	 15
9231	 15
9234	 14
9240	 15
9333	 6
9334	 9
9335	 7
9336	 10
9337	 11
9338	 12
9339	 10
9340	 9
9341	 10
9342	 9
9343	 12
9344	 8
9345	 11
9346	 8
9347	 9
9348	 6
9349	 6
9350	 8
9351	 9
9352	 7
9353	 8
9354	 11
9355	 8
9356	 12
9357	 10
9358	 6
9359	 10
9360	 11
9361	 11
9362	 8
9363	 8
9364	 9
9365	 8
9366	 14
9367	 14
9368	 15
9369	 13
9371	 14
9373	 14
9374	 13
9375	 14
9379	 10
9380	 13
9381	 13
9382	 13
9383	 13
9387	 14
9390	 15
9391	 14
9392	 15
9395	 13
9396	 15
9397	 15
9399	 15
9401	 13
9402	 15
9404	 14
9405	 15
9406	 11
9408	 15
9411	 15
9423	 14
9457	 8
9458	 9
9459	 9
9460	 10
9461	 11
9462	 12
9463	 10
9464	 11
9465	 10
9466	 9
9467	 12
9468	 10
9469	 11
9470	 8
9471	 11
9472	 8
9473	 6
9474	 8
9475	 9
9476	 9
9477	 10
9478	 11
9479	 10
9480	 12
9481	 10
9482	 8
9483	 10
9484	 11
9485	 11
9486	 10
9487	 10
9488	 9
9489	 10
9490	 14
9491	 14
9492	 15
9493	 13
9495	 14
9497	 14
9498	 15
9499	 14
9503	 12
9504	 13
9505	 15
9506	 13
9507	 13
9511	 14
9514	 15
9515	 14
9519	 13
9521	 15
9523	 15
9525	 15
9526	 15
9528	 14
9529	 15
9530	 11
9532	 15
9535	 15
9581	 4
9582	 5
9583	 5
9584	 6
9585	 7
9586	 8
9587	 6
9588	 7
9589	 6
9590	 5
9591	 8
9592	 6
9593	 7
9594	 4
9595	 7
9596	 4
9597	 2
9598	 4
9599	 5
9600	 5
9601	 6
9602	 7
9603	 6
9604	 8
9605	 6
9606	 4
9607	 6
9608	 7
9609	 7
9610	 6
9611	 6
9612	 5
9613	 6
9614	 10
9615	 10
9616	 11
9617	 9
9619	 10
9620	 14
9621	 10
9622	 11
9623	 10
9625	 12
9626	 13
9627	 8
9628	 9
9629	 11
9630	 9
9631	 9
9632	 15
9633	 12
9635	 10
9636	 14
9638	 11
9639	 10
9640	 13
9641	 13
9642	 15
9643	 9
9644	 13
9645	 11
9646	 15
9647	 11
9648	 12
9649	 11
9650	 11
9652	 10
9653	 11
9654	 7
9655	 12
9656	 11
9657	 14
9659	 11
9661	 12
9670	 12
9671	 12
9673	 12
9705	 5
9706	 6
9707	 6
9708	 7
9709	 8
9710	 9
9711	 7
9712	 8
9713	 7
9714	 6
9715	 9
9716	 7
9717	 8
9718	 5
9719	 8
9720	 5
9721	 3
9722	 5
9723	 6
9724	 6
9725	 7
9726	 8
9727	 7
9728	 9
9729	 7
9730	 5
9731	 7
9732	 8
9733	 8
9734	 7
9735	 7
9736	 6
9737	 7
9738	 11
9739	 11
9740	 12
9741	 10
9743	 11
9744	 15
9745	 11
9746	 12
9747	 11
9749	 11
9750	 14
9751	 9
9752	 10
9753	 12
9754	 10
9755	 10
9757	 13
9759	 11
9760	 15
9762	 12
9763	 11
9764	 14
9765	 14
9767	 10
9768	 14
9769	 12
9771	 12
9772	 13
9773	 12
9774	 12
9776	 11
9777	 12
9778	 8
9779	 13
9780	 12
9781	 15
9783	 12
9785	 13
9794	 13
9795	 13
9797	 13
9829	 10
9830	 11
9831	 11
9832	 12
9833	 13
9834	 14
9835	 12
9836	 13
9837	 12
9838	 11
9839	 14
9840	 12
9841	 13
9842	 10
9843	 13
9844	 10
9845	 8
9846	 10
9847	 11
9848	 11
9849	 12
9850	 13
9851	 12
9852	 14
9853	 12
9854	 10
9855	 12
9856	 13
9857	 13
9858	 12
9859	 12
9860	 11
9861	 12
9862	 14
9863	 14
9864	 15
9865	 13
9867	 14
9869	 14
9870	 15
9871	 14
9875	 12
9876	 13
9877	 15
9878	 13
9879	 13
9883	 14
9886	 15
9887	 14
9891	 13
9893	 15
9895	 15
9897	 15
9898	 15
9900	 14
9901	 15
9902	 11
9904	 15
9907	 15
9953	 8
9954	 9
9955	 9
9956	 10
9957	 11
9958	 12
9959	 10
9960	 11
9961	 10
9962	 9
9963	 12
9964	 10
9965	 11
9966	 8
9967	 11
9968	 8
9969	 6
9970	 8
9971	 9
9972	 9
9973	 10
9974	 11
9975	 10
9976	 12
9977	 10
9978	 8
9979	 10
9980	 11
9981	 11
9982	 10
9983	 10
9984	 9
9985	 10
9986	 14
9987	 14
9988	 15
9989	 13
9991	 14
9993	 14
9994	 15
9995	 14
9999	 12
10000	 13
10001	 15
10002	 13
10003	 13
10007	 14
10010	 15
10011	 14
10015	 13
10017	 15
10019	 15
10021	 15
10022	 15
10024	 14
10025	 15
10026	 11
10028	 15
10031	 15
10077	 9
10078	 10
10079	 10
10080	 11
10081	 12
10082	 13
10083	 11
10084	 12
10085	 11
10086	 10
10087	 13
10088	 11
10089	 12
10090	 9
10091	 12
10092	 9
10093	 7
10094	 9
10095	 10
10096	 10
10097	 11
10098	 12
10099	 11
10100	 13
10101	 11
10102	 9
10103	 11
10104	 12
10105	 12
10106	 11
10107	 11
10108	 10
10109	 11
10110	 15
10111	 15
10113	 14
10115	 15
10117	 15
10119	 15
10123	 13
10124	 14
10126	 14
10127	 14
10131	 15
10135	 15
10139	 14
10148	 15
10150	 12
10201	 5
10202	 6
10203	 6
10204	 7
10205	 8
10206	 9
10207	 7
10208	 8
10209	 7
10210	 6
10211	 9
10212	 7
10213	 8
10214	 5
10215	 8
10216	 5
10217	 3
10218	 5
10219	 6
10220	 6
10221	 7
10222	 8
10223	 7
10224	 9
10225	 7
10226	 5
10227	 7
10228	 8
10229	 8
10230	 7
10231	 7
10232	 6
10233	 7
10234	 11
10235	 11
10236	 12
10237	 10
10239	 11
10240	 15
10241	 11
10242	 12
10243	 11
10245	 13
10246	 14
10247	 9
10248	 10
10249	 12
10250	 10
10251	 10
10253	 13
10255	 11
10256	 15
10258	 12
10259	 11
10260	 14
10261	 14
10263	 10
10264	 12
10265	 12
10267	 12
10268	 13
10269	 12
10270	 12
10272	 11
10273	 12
10274	 8
10275	 13
10276	 12
10277	 15
10279	 12
10281	 13
10290	 13
10291	 13
10293	 13
10325	 6
10326	 7
10327	 7
10328	 8
10329	 9
10330	 10
10331	 8
10332	 9
10333	 8
10334	 7
10335	 10
10336	 8
10337	 9
10338	 6
10339	 9
10340	 6
10341	 4
10342	 6
10343	 7
10344	 7
10345	 8
10346	 9
10347	 8
10348	 10
10349	 8
10350	 6
10351	 8
10352	 9
10353	 7
10354	 8
10355	 8
10356	 7
10357	 8
10358	 12
10359	 12
10360	 11
10361	 11
10363	 12
10365	 12
10366	 13
10367	 12
10369	 12
10370	 15
10371	 10
10372	 11
10373	 13
10374	 11
10375	 11
10377	 14
10379	 12
10382	 11
10383	 12
10384	 14
10385	 15
10387	 11
10388	 15
10389	 13
10391	 13
10392	 12
10393	 13
10394	 13
10396	 10
10397	 13
10398	 9
10399	 14
10400	 13
10403	 13
10405	 14
10414	 14
10415	 14
10417	 14
10449	 5
10450	 6
10451	 6
10452	 7
10453	 8
10454	 9
10455	 7
10456	 8
10457	 7
10458	 6
10459	 9
10460	 7
10461	 8
10462	 5
10463	 8
10464	 5
10465	 3
10466	 5
10467	 6
10468	 6
10469	 7
10470	 8
10471	 7
10472	 9
10473	 7
10474	 5
10475	 7
10476	 8
10477	 8
10478	 7
10479	 7
10480	 6
10481	 7
10482	 9
10483	 9
10484	 10
10485	 8
10486	 15
10487	 9
10488	 13
10489	 9
10490	 10
10491	 9
10492	 15
10493	 11
10494	 12
10495	 7
10496	 8
10497	 10
10498	 8
10499	 8
10500	 14
10501	 11
10503	 9
10504	 13
10506	 10
10507	 9
10508	 12
10509	 12
10510	 14
10511	 8
10512	 12
10513	 10
10514	 14
10515	 10
10516	 11
10517	 10
10518	 10
10519	 15
10520	 9
10521	 10
10522	 6
10523	 11
10524	 10
10525	 13
10526	 15
10527	 10
10529	 11
10531	 15
10532	 15
10538	 11
10539	 11
10541	 11
10547	 15
10549	 15
10573	 7
10574	 8
10575	 8
10576	 9
10577	 10
10578	 11
10579	 9
10580	 10
10581	 9
10582	 8
10583	 11
10584	 9
10585	 10
10586	 7
10587	 10
10588	 5
10589	 5
10590	 7
10591	 8
10592	 6
10593	 9
10594	 10
10595	 9
10596	 11
10597	 9
10598	 7
10599	 9
10600	 10
10601	 10
10602	 7
10603	 7
10604	 8
10605	 9
10606	 13
10607	 13
10608	 14
10609	 12
10611	 13
10613	 13
10614	 14
10615	 13
10617	 15
10619	 11
10620	 12
10621	 14
10622	 12
10623	 12
10625	 15
10627	 13
10630	 14
10631	 13
10635	 12
10637	 14
10639	 14
10640	 15
10641	 14
10642	 14
10644	 13
10645	 14
10646	 10
10647	 15
10648	 13
10651	 14
10653	 15
10662	 15
10663	 15
10665	 15
10697	 10
10698	 11
10699	 11
10700	 12
10701	 13
10702	 14
10703	 12
10704	 13
10705	 12
10706	 11
10707	 14
10708	 12
10709	 13
10710	 10
10711	 13
10712	 10
10713	 8
10714	 10
10715	 11
10716	 11
10717	 12
10718	 13
10719	 12
10720	 14
10721	 12
10722	 10
10723	 12
10724	 13
10725	 13
10726	 12
10727	 12
10728	 11
10729	 12
10733	 15
10743	 14
10744	 15
10746	 15
10747	 15
10759	 15
10770	 13
10821	 11
10822	 11
10823	 13
10824	 11
10825	 15
10826	 11
10827	 15
10828	 12
10829	 10
10830	 12
10831	 15
10832	 13
10833	 14
10834	 10
10835	 10
10836	 9
10837	 11
10838	 10
10839	 13
10840	 13
10842	 12
10843	 15
10845	 12
10846	 11
10847	 11
10848	 14
10850	 11
10851	 11
10852	 12
10853	 14
10854	 12
10855	 13
10856	 11
10857	 12
10858	 15
10859	 11
10860	 13
10861	 9
10862	 13
10863	 13
10864	 15
10865	 15
10866	 12
10867	 14
10868	 11
10869	 14
10870	 13
10871	 13
10876	 15
10877	 11
10878	 9
10880	 11
10881	 15
10882	 15
10886	 13
10888	 15
10889	 15
10890	 14
10892	 14
10912	 10
10913	 12
10914	 14
10915	 12
10917	 12
10919	 13
10920	 13
10921	 13
10923	 14
10924	 15
10925	 11
10926	 11
10927	 12
10928	 12
10929	 11
10931	 14
10933	 13
10936	 13
10937	 12
10938	 14
10939	 15
10941	 12
10942	 14
10943	 13
10944	 15
10945	 13
10946	 14
10947	 14
10948	 13
10950	 12
10951	 14
10952	 10
10953	 14
10954	 14
10957	 13
10958	 15
10959	 12
10960	 15
10961	 14
10962	 14
10968	 12
10969	 12
10971	 12
10977	 14
10980	 15
10981	 15
10983	 15
11003	 12
11004	 12
11005	 14
11006	 12
11008	 12
11010	 13
11011	 11
11012	 13
11014	 14
11015	 15
11016	 11
11017	 11
11018	 10
11019	 12
11020	 11
11021	 14
11022	 14
11024	 13
11027	 13
11028	 12
11029	 12
11030	 15
11032	 12
11033	 12
11034	 13
11035	 15
11036	 13
11037	 14
11038	 12
11039	 13
11041	 12
11042	 14
11043	 10
11044	 14
11045	 14
11047	 14
11048	 13
11049	 15
11050	 12
11051	 15
11052	 14
11053	 14
11059	 12
11060	 10
11062	 12
11068	 14
11072	 15
11074	 15
11094	 10
11095	 12
11096	 14
11097	 12
11099	 12
11101	 13
11102	 13
11103	 13
11105	 14
11106	 15
11107	 11
11108	 11
11109	 13
11110	 12
11111	 11
11113	 14
11115	 13
11118	 13
11119	 12
11120	 15
11121	 15
11123	 12
11124	 15
11125	 13
11126	 15
11127	 13
11128	 14
11129	 14
11130	 13
11131	 15
11132	 12
11133	 14
11134	 10
11135	 14
11136	 14
11139	 13
11140	 15
11141	 12
11142	 15
11143	 14
11144	 14
11147	 15
11150	 12
11151	 12
11153	 12
11159	 14
11162	 14
11165	 15
11185	 11
11186	 13
11187	 15
11188	 13
11190	 13
11192	 14
11193	 14
11194	 14
11196	 15
11198	 12
11199	 12
11200	 14
11201	 13
11202	 12
11204	 15
11206	 14
11209	 14
11210	 13
11214	 13
11216	 14
11218	 14
11219	 15
11220	 15
11221	 14
11223	 13
11224	 15
11225	 11
11226	 15
11227	 15
11230	 14
11232	 13
11234	 15
11235	 15
11241	 13
11242	 13
11244	 13
11250	 15
11253	 15
11276	 13
11277	 15
11279	 15
11281	 15
11289	 14
11290	 14
11292	 15
11293	 14
11295	 15
11301	 15
11305	 15
11314	 15
11316	 13
11323	 15
11325	 15
11326	 15
11332	 15
11333	 15
11335	 15
11341	 15
11344	 14
11367	 11
11368	 13
11369	 15
11370	 13
11372	 13
11374	 14
11375	 14
11376	 14
11378	 15
11380	 12
11381	 12
11382	 13
11383	 13
11384	 12
11386	 15
11388	 14
11391	 14
11392	 13
11393	 15
11396	 13
11397	 15
11398	 14
11400	 14
11401	 15
11402	 15
11403	 14
11405	 13
11406	 15
11407	 11
11408	 15
11409	 15
11412	 14
11414	 13
11416	 15
11417	 15
11423	 13
11424	 13
11426	 13
11432	 15
11458	 13
11459	 13
11460	 15
11461	 13
11463	 14
11465	 14
11466	 12
11467	 14
11469	 15
11471	 12
11472	 12
11473	 11
11474	 13
11475	 12
11476	 15
11477	 15
11479	 14
11482	 14
11483	 13
11484	 13
11487	 13
11488	 13
11489	 14
11491	 14
11492	 15
11493	 13
11494	 14
11496	 13
11497	 15
11498	 11
11499	 15
11500	 15
11501	 15
11502	 15
11503	 14
11505	 13
11507	 15
11508	 15
11514	 13
11515	 11
11517	 13
11523	 15
11549	 11
11550	 13
11551	 15
11552	 13
11554	 13
11556	 14
11557	 14
11558	 14
11560	 15
11562	 12
11563	 12
11564	 14
11565	 13
11566	 12
11568	 15
11570	 14
11573	 14
11574	 13
11578	 13
11580	 14
11582	 14
11583	 15
11584	 15
11585	 14
11587	 13
11588	 15
11589	 11
11590	 15
11591	 15
11594	 14
11596	 13
11598	 15
11599	 15
11605	 13
11606	 13
11608	 13
11614	 15
11640	 10
11641	 12
11642	 14
11643	 12
11645	 12
11647	 13
11648	 13
11649	 13
11651	 14
11652	 15
11653	 11
11654	 11
11655	 12
11656	 12
11657	 11
11659	 14
11661	 13
11664	 13
11665	 12
11666	 14
11667	 15
11669	 12
11670	 14
11671	 13
11673	 13
11674	 14
11675	 14
11676	 13
11678	 12
11679	 14
11680	 10
11681	 14
11682	 14
11685	 13
11687	 12
11696	 12
11697	 12
11699	 12
11708	 15
11731	 13
11732	 13
11734	 15
11736	 15
11744	 14
11745	 14
11747	 15
11748	 14
11755	 14
11756	 15
11760	 15
11762	 14
11764	 14
11765	 15
11767	 14
11769	 15
11771	 13
11776	 14
11778	 12
11787	 13
11788	 15
11790	 15
11822	 13
11823	 13
11824	 15
11825	 13
11827	 13
11829	 14
11830	 12
11831	 14
11833	 15
11835	 12
11836	 12
11837	 11
11838	 13
11839	 12
11840	 15
11841	 15
11843	 14
11846	 14
11847	 13
11848	 13
11851	 13
11852	 13
11853	 14
11855	 14
11856	 15
11857	 13
11858	 14
11860	 13
11861	 15
11862	 11
11863	 15
11864	 15
11866	 15
11867	 14
11869	 13
11871	 15
11872	 15
11878	 13
11879	 11
11881	 13
11887	 15
11913	 12
11914	 14
11916	 14
11918	 14
11920	 15
11921	 15
11922	 15
11926	 13
11927	 13
11928	 15
11929	 14
11930	 13
11934	 15
11937	 15
11938	 14
11942	 14
11944	 15
11946	 15
11949	 15
11951	 14
11953	 12
11958	 15
11960	 13
11969	 14
11970	 14
11972	 14
12004	 12
12005	 12
12006	 14
12007	 12
12009	 12
12011	 13
12012	 13
12013	 13
12015	 14
12016	 15
12017	 11
12018	 11
12019	 12
12020	 12
12021	 11
12023	 14
12025	 13
12028	 13
12029	 12
12030	 14
12031	 15
12033	 12
12034	 14
12035	 13
12037	 13
12038	 14
12039	 14
12040	 13
12042	 12
12043	 14
12044	 10
12045	 14
12046	 14
12049	 13
12051	 12
12060	 12
12061	 12
12063	 12
12095	 14
12096	 14
12098	 14
12100	 14
12102	 15
12103	 13
12104	 15
12108	 13
12109	 13
12110	 12
12111	 14
12112	 13
12116	 15
12119	 15
12120	 14
12121	 14
12124	 14
12125	 14
12126	 15
12128	 15
12130	 14
12131	 15
12133	 14
12135	 12
12139	 15
12140	 15
12142	 14
12151	 14
12152	 12
12154	 14
12186	 11
12187	 11
12188	 13
12189	 11
12191	 11
12192	 15
12193	 12
12194	 12
12195	 12
12197	 13
12198	 14
12199	 10
12200	 10
12201	 12
12202	 11
12203	 10
12205	 13
12207	 12
12208	 15
12210	 12
12211	 11
12212	 14
12213	 14
12215	 11
12216	 14
12217	 12
12219	 12
12220	 13
12221	 13
12222	 12
12224	 11
12225	 13
12226	 9
12227	 13
12228	 13
12229	 15
12231	 12
12233	 11
12235	 15
12236	 15
12242	 11
12243	 11
12245	 11
12251	 15
12277	 11
12278	 11
12279	 13
12280	 11
12282	 11
12283	 15
12284	 12
12285	 12
12286	 12
12288	 13
12289	 14
12290	 10
12291	 10
12292	 11
12293	 11
12294	 10
12295	 15
12296	 13
12298	 12
12299	 15
12301	 12
12302	 11
12303	 13
12304	 14
12306	 11
12307	 13
12308	 12
12310	 12
12311	 13
12312	 13
12313	 12
12315	 11
12316	 13
12317	 9
12318	 13
12319	 13
12320	 15
12322	 12
12324	 11
12326	 15
12327	 15
12333	 11
12334	 11
12336	 11
12342	 15
12368	 11
12369	 11
12370	 13
12371	 11
12373	 11
12374	 15
12375	 12
12376	 12
12377	 12
12379	 13
12380	 14
12381	 10
12382	 10
12383	 11
12384	 11
12385	 10
12386	 15
12387	 13
12389	 12
12390	 15
12392	 12
12393	 11
12394	 13
12395	 14
12397	 11
12398	 13
12399	 12
12401	 12
12402	 13
12403	 13
12404	 12
12406	 11
12407	 13
12408	 9
12409	 13
12410	 13
12411	 15
12413	 12
12415	 11
12417	 15
12418	 15
12424	 11
12425	 11
12427	 11
12433	 15
12459	 10
12460	 12
12461	 14
12462	 12
12464	 12
12466	 13
12467	 13
12468	 13
12470	 14
12471	 15
12472	 11
12473	 11
12474	 13
12475	 12
12476	 11
12478	 14
12480	 13
12483	 13
12484	 12
12485	 15
12486	 15
12488	 12
12489	 15
12490	 13
12491	 15
12492	 13
12493	 14
12494	 14
12495	 13
12497	 12
12498	 14
12499	 10
12500	 14
12501	 14
12504	 13
12505	 15
12506	 12
12507	 15
12508	 14
12509	 14
12515	 12
12516	 12
12518	 12
12524	 14
12527	 15
12530	 15
12550	 12
12551	 12
12552	 14
12553	 12
12555	 12
12557	 13
12558	 13
12559	 13
12561	 14
12562	 15
12563	 11
12564	 11
12565	 12
12566	 12
12567	 11
12569	 14
12571	 13
12574	 13
12575	 12
12576	 14
12577	 15
12579	 12
12580	 14
12581	 13
12583	 13
12584	 14
12585	 14
12586	 13
12588	 12
12589	 14
12590	 10
12591	 14
12592	 14
12595	 13
12597	 12
12606	 12
12607	 12
12609	 12
12641	 13
12642	 13
12643	 15
12644	 13
12646	 13
12648	 14
12649	 12
12650	 14
12652	 15
12654	 12
12655	 12
12656	 11
12657	 13
12658	 12
12659	 15
12660	 15
12662	 14
12665	 14
12666	 13
12667	 13
12670	 13
12671	 13
12672	 14
12674	 14
12675	 15
12676	 13
12677	 14
12679	 13
12680	 15
12681	 11
12682	 15
12683	 15
12685	 15
12686	 14
12688	 13
12690	 15
12691	 15
12697	 13
12698	 11
12700	 13
12706	 15
12732	 12
12733	 14
12735	 14
12737	 14
12739	 15
12740	 15
12741	 15
12745	 13
12746	 13
12747	 15
12748	 14
12749	 13
12753	 15
12756	 15
12757	 14
12761	 14
12763	 15
12765	 15
12768	 15
12770	 14
12772	 12
12777	 15
12779	 14
12788	 14
12789	 14
12791	 14
12800	 15
12823	 13
12824	 13
12825	 15
12826	 13
12828	 13
12830	 14
12831	 12
12832	 14
12834	 15
12836	 12
12837	 12
12838	 11
12839	 13
12840	 12
12841	 15
12842	 15
12844	 14
12847	 14
12848	 13
12849	 13
12852	 13
12853	 13
12854	 14
12856	 14
12857	 15
12858	 13
12859	 14
12861	 13
12862	 15
12863	 11
12864	 15
12865	 15
12867	 15
12868	 14
12870	 13
12872	 15
12873	 15
12879	 13
12880	 11
12882	 13
12888	 15
12914	 13
12915	 15
12917	 15
12919	 15
12927	 14
12928	 14
12930	 15
12931	 14
12939	 15
12943	 15
12952	 15
12954	 13
12961	 15
12970	 15
12971	 15
12973	 15
13005	 11
13006	 13
13007	 15
13008	 13
13010	 13
13012	 14
13013	 14
13014	 14
13016	 15
13018	 12
13019	 12
13020	 13
13021	 13
13022	 12
13024	 15
13026	 14
13029	 14
13030	 13
13031	 15
13034	 13
13035	 15
13036	 14
13038	 14
13039	 15
13040	 15
13041	 14
13043	 13
13044	 15
13045	 11
13046	 15
13047	 15
13050	 14
13052	 13
13061	 13
13062	 13
13064	 13
13096	 11
13097	 11
13098	 13
13099	 11
13100	 15
13101	 11
13102	 15
13103	 12
13104	 10
13105	 12
13106	 15
13107	 13
13108	 14
13109	 10
13110	 10
13111	 10
13112	 11
13113	 10
13114	 14
13115	 13
13117	 12
13118	 15
13120	 12
13121	 11
13122	 12
13123	 14
13125	 11
13126	 12
13127	 12
13128	 14
13129	 12
13130	 13
13131	 11
13132	 12
13133	 15
13134	 11
13135	 13
13136	 9
13137	 13
13138	 13
13139	 15
13140	 15
13141	 12
13142	 14
13143	 11
13144	 14
13145	 13
13146	 13
13151	 15
13152	 11
13153	 9
13155	 11
13156	 15
13157	 15
13161	 13
13163	 15
13164	 15
13165	 15
13167	 14
13187	 11
13188	 13
13189	 15
13190	 13
13191	 15
13192	 13
13194	 14
13195	 14
13196	 14
13198	 15
13200	 12
13201	 12
13202	 13
13203	 13
13204	 12
13206	 13
13208	 14
13211	 14
13212	 13
13213	 15
13216	 13
13217	 15
13218	 14
13219	 14
13220	 14
13221	 15
13222	 15
13223	 14
13224	 15
13225	 13
13226	 15
13227	 11
13228	 15
13229	 15
13232	 14
13233	 14
13234	 13
13235	 14
13236	 13
13237	 13
13240	 15
13242	 15
13243	 13
13244	 13
13246	 13
13247	 15
13248	 15
13252	 13
13254	 15
13255	 14
13256	 14
13258	 14
13278	 11
13279	 13
13280	 15
13281	 13
13283	 13
13285	 14
13286	 14
13287	 14
13289	 15
13291	 12
13292	 12
13293	 14
13294	 13
13295	 12
13297	 15
13299	 14
13302	 14
13303	 13
13307	 13
13309	 14
13311	 14
13312	 15
13313	 15
13314	 14
13316	 13
13317	 15
13318	 11
13319	 15
13320	 15
13323	 14
13325	 13
13327	 15
13328	 15
13334	 13
13335	 13
13337	 13
13343	 15
13346	 15
13369	 12
13370	 14
13371	 14
13372	 14
13374	 14
13376	 15
13377	 15
13378	 15
13382	 13
13383	 13
13384	 14
13385	 14
13386	 13
13390	 15
13393	 13
13394	 14
13395	 15
13398	 14
13400	 15
13402	 15
13403	 14
13405	 15
13407	 12
13409	 12
13414	 15
13416	 13
13425	 14
13426	 14
13428	 14
13460	 13
13461	 13
13462	 15
13463	 13
13465	 13
13467	 14
13468	 14
13469	 14
13471	 15
13473	 12
13474	 12
13475	 13
13476	 13
13477	 12
13479	 15
13481	 14
13484	 14
13485	 13
13486	 15
13489	 13
13490	 15
13491	 14
13493	 14
13494	 15
13495	 15
13496	 14
13498	 13
13499	 15
13500	 11
13501	 15
13502	 15
13505	 14
13507	 13
13516	 13
13517	 13
13519	 13
13551	 11
13552	 11
13553	 13
13554	 11
13556	 11
13557	 15
13558	 12
13559	 12
13560	 12
13562	 13
13563	 14
13564	 10
13565	 10
13566	 11
13567	 11
13568	 10
13569	 15
13570	 13
13572	 12
13573	 15
13575	 12
13576	 11
13577	 13
13578	 14
13580	 11
13581	 13
13582	 12
13584	 12
13585	 13
13586	 13
13587	 12
13589	 11
13590	 13
13591	 9
13592	 13
13593	 13
13594	 15
13596	 12
13598	 11
13601	 15
13607	 11
13608	 11
13610	 11
13616	 15
13642	 11
13643	 11
13644	 13
13645	 11
13646	 15
13647	 11
13648	 15
13649	 12
13650	 12
13651	 12
13652	 15
13653	 13
13654	 14
13655	 10
13656	 10
13657	 12
13658	 11
13659	 10
13661	 13
13663	 12
13664	 15
13666	 12
13667	 11
13668	 14
13669	 14
13671	 11
13672	 14
13673	 12
13674	 14
13675	 12
13676	 13
13677	 13
13678	 12
13679	 14
13680	 11
13681	 13
13682	 9
13683	 13
13684	 13
13685	 15
13687	 12
13688	 14
13689	 11
13690	 14
13691	 13
13692	 13
13695	 14
13697	 15
13698	 11
13699	 11
13701	 11
13702	 15
13703	 15
13707	 13
13709	 15
13710	 13
13711	 15
13713	 14
13733	 13
13734	 13
13735	 15
13736	 13
13738	 13
13740	 14
13741	 12
13742	 14
13744	 15
13746	 12
13747	 12
13748	 11
13749	 13
13750	 12
13751	 15
13752	 15
13754	 14
13757	 14
13758	 13
13759	 13
13762	 13
13763	 13
13764	 14
13766	 14
13767	 15
13768	 13
13769	 14
13771	 13
13772	 15
13773	 11
13774	 15
13775	 15
13777	 15
13778	 14
13780	 13
13782	 15
13783	 15
13789	 13
13790	 11
13792	 13
13798	 15
13824	 11
13825	 4
13826	 9
13827	 11
13828	 10
13830	 14
13831	 13
13832	 15
13833	 12
13834	 4
13835	 6
13837	 4
13838	 12
13839	 12
13840	 13
13841	 14
13842	 14
13843	 8
13844	 11
13845	 8
13846	 12
13847	 11
13848	 15
13849	 11
13869	 11
13870	 2
13871	 9
13872	 11
13873	 10
13875	 14
13876	 13
13877	 15
13878	 12
13879	 2
13880	 6
13882	 4
13883	 12
13884	 12
13885	 13
13886	 14
13887	 14
13888	 8
13889	 11
13890	 8
13891	 12
13892	 11
13893	 15
13894	 11
13914	 13
13915	 7
13916	 12
13917	 13
13918	 12
13921	 15
13923	 13
13924	 7
13925	 7
13927	 7
13928	 14
13929	 14
13930	 15
13933	 11
13934	 14
13935	 11
13936	 14
13937	 13
13939	 13
13959	 11
13960	 5
13961	 10
13962	 11
13963	 10
13965	 14
13966	 13
13967	 15
13968	 12
13969	 5
13970	 5
13972	 5
13973	 12
13974	 12
13975	 13
13976	 14
13977	 14
13978	 9
13979	 12
13980	 9
13981	 12
13982	 11
13983	 15
13984	 11
14004	 5
14005	 10
14006	 1
14007	 5
14008	 5
14009	 9
14010	 7
14011	 10
14012	 8
14013	 7
14014	 10
14015	 10
14016	 9
14017	 9
14018	 4
14019	 7
14020	 8
14021	 8
14022	 7
14023	 2
14024	 3
14025	 2
14026	 9
14027	 5
14028	 9
14029	 4
14049	 12
14050	 6
14051	 11
14052	 12
14053	 11
14055	 15
14056	 14
14058	 13
14059	 6
14060	 8
14062	 6
14063	 13
14064	 13
14065	 13
14066	 15
14067	 15
14068	 10
14069	 13
14070	 10
14071	 13
14072	 13
14074	 12
14094	 13
14095	 7
14096	 11
14097	 13
14098	 12
14101	 15
14103	 14
14104	 7
14105	 10
14107	 6
14108	 14
14109	 14
14110	 15
14113	 10
14114	 13
14115	 10
14116	 14
14117	 13
14119	 13
14139	 12
14140	 6
14141	 11
14142	 12
14143	 11
14145	 15
14146	 14
14148	 13
14149	 6
14150	 6
14152	 6
14153	 13
14154	 13
14155	 14
14156	 15
14157	 15
14158	 10
14159	 13
14160	 10
14161	 13
14162	 12
14164	 12
14184	 12
14185	 7
14186	 10
14187	 12
14188	 11
14190	 15
14191	 15
14193	 13
14194	 7
14195	 1
14197	 7
14198	 13
14199	 13
14200	 14
14201	 15
14202	 15
14203	 9
14204	 12
14205	 9
14206	 14
14207	 12
14209	 12
14229	 11
14230	 6
14231	 10
14232	 11
14233	 10
14235	 14
14236	 13
14237	 15
14238	 12
14239	 6
14240	 8
14242	 4
14243	 12
14244	 12
14245	 13
14246	 14
14247	 14
14248	 9
14249	 12
14250	 9
14251	 12
14252	 11
14253	 15
14254	 11
14274	 6
14275	 10
14276	 4
14277	 6
14278	 6
14279	 10
14280	 10
14281	 11
14282	 11
14283	 8
14284	 10
14285	 10
14286	 12
14287	 9
14288	 7
14289	 8
14290	 9
14291	 11
14292	 10
14293	 3
14294	 6
14295	 1
14296	 10
14297	 4
14298	 12
14299	 7
14319	 13
14320	 5
14321	 11
14322	 13
14323	 12
14326	 15
14328	 14
14329	 5
14330	 8
14332	 6
14333	 14
14334	 14
14335	 15
14338	 10
14339	 13
14340	 10
14341	 14
14342	 13
14344	 13
14364	 13
14365	 6
14366	 11
14367	 13
14368	 12
14371	 15
14373	 14
14374	 6
14375	 9
14377	 7
14378	 14
14379	 14
14380	 15
14383	 10
14384	 13
14385	 10
14386	 14
14387	 13
14389	 13
14410	 10
14411	 15
14413	 15
14419	 10
14420	 10
14422	 10
14428	 14
14430	 14
14454	 10
14455	 3
14456	 8
14457	 10
14458	 9
14459	 15
14460	 13
14461	 12
14462	 14
14463	 11
14464	 3
14465	 5
14467	 3
14468	 11
14469	 11
14470	 12
14471	 13
14472	 13
14473	 7
14474	 10
14475	 7
14476	 11
14477	 10
14478	 14
14479	 10
14499	 12
14500	 8
14501	 11
14502	 12
14503	 11
14505	 15
14506	 15
14508	 13
14509	 8
14510	 2
14512	 8
14513	 13
14514	 13
14515	 14
14516	 15
14517	 15
14518	 10
14519	 13
14520	 10
14521	 14
14522	 11
14524	 12
14544	 11
14545	 5
14546	 10
14547	 11
14548	 10
14550	 14
14551	 13
14552	 15
14553	 12
14554	 5
14555	 7
14557	 4
14558	 12
14559	 12
14560	 13
14561	 14
14562	 14
14563	 9
14564	 12
14565	 9
14566	 12
14567	 11
14568	 15
14569	 11
14589	 14
14590	 8
14591	 13
14592	 14
14593	 13
14598	 15
14599	 8
14600	 6
14602	 8
14603	 15
14604	 15
14608	 12
14609	 15
14610	 12
14611	 15
14612	 14
14614	 14
14635	 12
14636	 15
14638	 15
14644	 12
14645	 6
14647	 12
14653	 14
14655	 14
14657	 15
14679	 9
14680	 6
14681	 7
14682	 9
14683	 9
14684	 15
14685	 13
14686	 12
14687	 14
14688	 11
14689	 6
14690	 8
14691	 15
14692	 5
14693	 10
14694	 11
14695	 12
14696	 13
14697	 13
14698	 6
14699	 9
14700	 6
14701	 11
14702	 9
14703	 14
14704	 10
14725	 12
14734	 12
14735	 15
14737	 13
14769	 11
14770	 6
14771	 10
14772	 11
14773	 10
14775	 14
14776	 13
14777	 15
14778	 12
14779	 6
14780	 6
14782	 4
14783	 12
14784	 12
14785	 13
14786	 14
14787	 14
14788	 9
14789	 12
14790	 9
14791	 12
14792	 11
14793	 15
14794	 11
14814	 14
14815	 8
14816	 12
14817	 14
14818	 13
14823	 15
14824	 8
14825	 10
14827	 6
14828	 15
14829	 15
14830	 15
14833	 11
14834	 14
14835	 11
14836	 15
14837	 14
14839	 14
14860	 10
14861	 15
14869	 10
14870	 13
14872	 11
14878	 14
14880	 14
14904	 12
14905	 3
14906	 10
14907	 12
14908	 11
14909	 15
14910	 15
14911	 14
14913	 12
14914	 3
14915	 7
14917	 5
14918	 13
14919	 13
14920	 14
14921	 15
14922	 15
14923	 9
14924	 12
14925	 9
14926	 13
14927	 12
14929	 12
14949	 14
14950	 8
14951	 13
14952	 14
14953	 13
14958	 15
14959	 8
14960	 7
14962	 8
14963	 15
14964	 15
14968	 12
14969	 15
14970	 12
14971	 15
14972	 14
14974	 14
14994	 14
14995	 10
14996	 13
14997	 14
14998	 13
15003	 13
15004	 10
15005	 4
15007	 10
15008	 15
15009	 15
15013	 12
15014	 15
15015	 12
15017	 13
15019	 14
15039	 13
15040	 5
15041	 11
15042	 13
15043	 12
15046	 15
15048	 14
15049	 5
15050	 9
15052	 6
15053	 14
15054	 14
15055	 13
15058	 10
15059	 13
15060	 10
15061	 14
15062	 13
15064	 13
15084	 14
15085	 8
15086	 12
15087	 14
15088	 13
15093	 15
15094	 8
15095	 11
15097	 7
15098	 15
15099	 15
15103	 11
15104	 14
15105	 11
15106	 15
15107	 14
15109	 14
15129	 11
15130	 5
15131	 10
15132	 11
15133	 10
15135	 14
15136	 13
15137	 15
15138	 12
15139	 5
15140	 7
15142	 5
15143	 12
15144	 12
15145	 13
15146	 14
15147	 14
15148	 9
15149	 12
15150	 9
15151	 12
15152	 11
15153	 15
15154	 11
15174	 14
15175	 10
15176	 13
15177	 14
15178	 13
15183	 15
15184	 10
15185	 4
15187	 10
15188	 15
15189	 15
15193	 12
15194	 15
15195	 12
15197	 13
15199	 14
15219	 12
15220	 3
15221	 10
15222	 12
15223	 11
15225	 15
15226	 14
15228	 13
15229	 3
15230	 7
15232	 5
15233	 13
15234	 13
15235	 14
15236	 15
15237	 15
15238	 9
15239	 12
15240	 9
15241	 13
15242	 12
15244	 12
15264	 4
15265	 9
15266	 2
15267	 4
15268	 4
15269	 10
15270	 8
15271	 9
15272	 9
15273	 6
15274	 9
15275	 9
15276	 10
15277	 8
15278	 5
15279	 6
15280	 7
15281	 9
15282	 8
15283	 1
15284	 4
15285	 1
15286	 8
15287	 4
15288	 10
15289	 5
15309	 12
15310	 3
15311	 10
15312	 12
15313	 11
15315	 15
15316	 14
15318	 13
15319	 3
15320	 7
15322	 5
15323	 13
15324	 13
15325	 13
15326	 15
15327	 15
15328	 9
15329	 12
15330	 9
15331	 13
15332	 12
15334	 12
15354	 12
15355	 4
15356	 10
15357	 12
15358	 11
15359	 15
15360	 15
15361	 14
15363	 12
15364	 4
15365	 8
15367	 6
15368	 13
15369	 13
15370	 14
15371	 15
15372	 15
15373	 9
15374	 12
15375	 9
15376	 13
15377	 12
15379	 12
15399	 13
15400	 9
15401	 12
15402	 13
15403	 12
15408	 14
15409	 9
15410	 3
15412	 9
15413	 14
15414	 14
15415	 15
15418	 11
15419	 14
15420	 11
15421	 15
15422	 13
15424	 13
15444	 12
15445	 3
15446	 10
15447	 12
15448	 11
15450	 15
15451	 14
15453	 13
15454	 3
15455	 7
15457	 5
15458	 13
15459	 13
15460	 14
15461	 15
15462	 15
15463	 9
15464	 12
15465	 9
15466	 13
15467	 12
15469	 12
15489	 6
15490	 11
15491	 4
15492	 6
15493	 6
15494	 10
15495	 10
15496	 9
15497	 11
15498	 8
15499	 11
15500	 11
15501	 12
15502	 10
15503	 7
15504	 8
15505	 9
15506	 11
15507	 10
15508	 3
15509	 6
15510	 1
15511	 8
15512	 4
15513	 10
15514	 7
15534	 11
15535	 4
15536	 9
15537	 11
15538	 10
15539	 14
15540	 14
15541	 13
15542	 15
15543	 11
15544	 4
15545	 6
15547	 4
15548	 12
15549	 12
15550	 13
15551	 14
15552	 14
15553	 8
15554	 11
15555	 8
15556	 12
15557	 11
15558	 15
15559	 11
15579	 12
15580	 7
15581	 11
15582	 12
15583	 11
15585	 15
15586	 14
15588	 13
15589	 7
15590	 7
15592	 5
15593	 13
15594	 13
15595	 14
15596	 15
15597	 15
15598	 10
15599	 13
15600	 10
15601	 13
15602	 12
15604	 12
15624	 14
15625	 9
15626	 13
15627	 14
15628	 13
15633	 15
15634	 9
15635	 7
15637	 7
15638	 15
15639	 15
15643	 12
15644	 15
15645	 12
15646	 15
15647	 14
15649	 14
15669	 13
15670	 6
15671	 11
15672	 13
15673	 12
15676	 15
15678	 14
15679	 6
15680	 8
15682	 6
15683	 14
15684	 14
15685	 13
15688	 10
15689	 13
15690	 10
15691	 14
15692	 13
15694	 13
15714	 12
15715	 7
15716	 11
15717	 12
15718	 11
15720	 15
15721	 14
15723	 13
15724	 7
15725	 7
15727	 5
15728	 13
15729	 13
15730	 14
15731	 15
15732	 15
15733	 10
15734	 13
15735	 10
15736	 13
15737	 12
15739	 12
15759	 15
15760	 6
15761	 13
15762	 15
15763	 14
15769	 6
15770	 10
15772	 8
15778	 12
15779	 15
15780	 12
15782	 15
15784	 15
15804	 14
15805	 9
15806	 12
15807	 14
15808	 13
15813	 15
15814	 9
15815	 10
15817	 10
15818	 15
15819	 15
15823	 11
15824	 14
15825	 11
15827	 14
15829	 14
15849	 11
15850	 3
15851	 9
15852	 11
15853	 10
15855	 14
15856	 13
15857	 15
15858	 12
15859	 3
15860	 7
15862	 4
15863	 12
15864	 12
15865	 13
15866	 14
15867	 14
15868	 8
15869	 11
15870	 8
15871	 12
15872	 11
15873	 15
15874	 11
15894	 14
15900	 12
15901	 14
15903	 14
15906	 14
15908	 14
15951	 14
15957	 14
15958	 14
15960	 14
15963	 14
15965	 14
15970	 14
15971	 15
15976	 14
15977	 12
15978	 15
15979	 12
15982	 12
15984	 12
16027	 11
16028	 12
16030	 15
16032	 13
16033	 12
16034	 9
16035	 12
16036	 9
16037	 15
16039	 8
16040	 14
16041	 9
16042	 14
16072	 14
16074	 14
16077	 14
16079	 14
16160	 15
16166	 15
16167	 15
16169	 15
16172	 15
16174	 15
16186	 14
16187	 15
16188	 12
16191	 14
16193	 14
16205	 15
16207	 15
16210	 15
16212	 15
16224	 15
16226	 15
16229	 15
16231	 15
16255	 15
16261	 15
16262	 15
16264	 15
16267	 15
16269	 15
16312	 12
16313	 13
16317	 14
16318	 12
16319	 10
16320	 13
16321	 10
16322	 15
16324	 10
16325	 15
16326	 10
16327	 15
16357	 14
16359	 14
16362	 14
16364	 14
16369	 15
16375	 15
16376	 13
16377	 15
16378	 13
16381	 13
16383	 13
16391	 13
16392	 15
16393	 12
16397	 14
16399	 13
16402	 15
16403	 14
16405	 13
16418	 14
16420	 13
16427	 13
16428	 15
16429	 12
16433	 14
16435	 13
