1	10000	10001
2	10000	10002
3	10000	10003
4	10000	10004
5	10000	10005
6	10000	10006
7	10000	10007
8	10000	10008
9	10000	10009
10	10000	10010
11	10000	10011
12	10001	10002
13	10001	10003
14	10001	10004
15	10001	10005
16	10001	10006
17	10001	10007
18	10001	10008
19	10001	10009
20	10001	10010
21	10001	10011
22	10002	10003
23	10002	10004
24	10002	10005
25	10002	10006
26	10002	10007
27	10002	10008
28	10002	10009
29	10002	10010
30	10002	10011
31	10003	10004
32	10003	10005
33	10003	10006
34	10003	10007
35	10003	10008
36	10003	10009
37	10003	10010
38	10003	10011
39	10004	10005
40	10004	10006
41	10004	10007
42	10004	10008
43	10004	10009
44	10004	10010
45	10004	10011
46	10005	10006
47	10005	10007
48	10005	10008
49	10005	10009
50	10005	10010
51	10005	10011
52	10006	10007
53	10006	10008
54	10006	10009
55	10006	10010
56	10006	10011
57	10007	10008
58	10007	10009
59	10007	10010
60	10007	10011
61	10008	10009
62	10008	10010
63	10008	10011
64	10009	10010
65	10009	10011
66	10010	10011
67	10012	10013
68	10012	10014
69	10012	10015
70	10012	10016
71	10012	10017
72	10012	10018
73	10012	10019
74	10012	10020
75	10012	10021
76	10012	10022
77	10012	10023
78	10012	10024
79	10012	10025
80	10013	10014
81	10013	10015
82	10013	10016
83	10013	10017
84	10013	10018
85	10013	10019
86	10013	10020
87	10013	10021
88	10013	10022
89	10013	10023
90	10013	10024
91	10013	10025
92	10014	10015
93	10014	10016
94	10014	10017
95	10014	10018
96	10014	10019
97	10014	10020
98	10014	10021
99	10014	10022
100	10014	10023
101	10014	10024
102	10014	10025
103	10015	10016
104	10015	10017
105	10015	10018
106	10015	10019
107	10015	10020
108	10015	10021
109	10015	10022
110	10015	10023
111	10015	10024
112	10015	10025
113	10016	10017
114	10016	10018
115	10016	10019
116	10016	10020
117	10016	10021
118	10016	10022
119	10016	10023
120	10016	10024
121	10016	10025
122	10017	10018
123	10017	10019
124	10017	10020
125	10017	10021
126	10017	10022
127	10017	10023
128	10017	10024
129	10017	10025
130	10018	10019
131	10018	10020
132	10018	10021
133	10018	10022
134	10018	10023
135	10018	10024
136	10018	10025
137	10019	10020
138	10019	10021
139	10019	10022
140	10019	10023
141	10019	10024
142	10019	10025
143	10020	10021
144	10020	10022
145	10020	10023
146	10020	10024
147	10020	10025
148	10021	10022
149	10021	10023
150	10021	10024
151	10021	10025
152	10022	10023
153	10022	10024
154	10022	10025
155	10023	10024
156	10023	10025
157	10024	10025
158	10026	10027
159	10026	10028
160	10026	10029
161	10026	10030
162	10026	10031
163	10026	10032
164	10026	10033
165	10027	10028
166	10027	10029
167	10027	10030
168	10027	10031
169	10027	10032
170	10027	10033
171	10028	10029
172	10028	10030
173	10028	10031
174	10028	10032
175	10028	10033
176	10029	10030
177	10029	10031
178	10029	10032
179	10029	10033
180	10030	10031
181	10030	10032
182	10030	10033
183	10031	10032
184	10031	10033
185	10032	10033
186	10034	10035
187	10034	10036
188	10035	10036
189	10037	10038
190	10037	10039
191	10037	10040
192	10037	10041
193	10037	10042
194	10037	10043
195	10037	10044
196	10037	10045
197	10037	10046
198	10037	10047
199	10037	10048
200	10037	10049
201	10037	10050
202	10038	10039
203	10038	10040
204	10038	10041
205	10038	10042
206	10038	10043
207	10038	10044
208	10038	10045
209	10038	10046
210	10038	10047
211	10038	10048
212	10038	10049
213	10038	10050
214	10039	10040
215	10039	10041
216	10039	10042
217	10039	10043
218	10039	10044
219	10039	10045
220	10039	10046
221	10039	10047
222	10039	10048
223	10039	10049
224	10039	10050
225	10040	10041
226	10040	10042
227	10040	10043
228	10040	10044
229	10040	10045
230	10040	10046
231	10040	10047
232	10040	10048
233	10040	10049
234	10040	10050
235	10041	10042
236	10041	10043
237	10041	10044
238	10041	10045
239	10041	10046
240	10041	10047
241	10041	10048
242	10041	10049
243	10041	10050
244	10042	10043
245	10042	10044
246	10042	10045
247	10042	10046
248	10042	10047
249	10042	10048
250	10042	10049
251	10042	10050
252	10043	10044
253	10043	10045
254	10043	10046
255	10043	10047
256	10043	10048
257	10043	10049
258	10043	10050
259	10044	10045
260	10044	10046
261	10044	10047
262	10044	10048
263	10044	10049
264	10044	10050
265	10045	10046
266	10045	10047
267	10045	10048
268	10045	10049
269	10045	10050
270	10046	10047
271	10046	10048
272	10046	10049
273	10046	10050
274	10047	10048
275	10047	10049
276	10047	10050
277	10048	10049
278	10048	10050
279	10049	10050
280	10051	10052
281	10051	10053
282	10051	10054
283	10051	10055
284	10051	10056
285	10051	10057
286	10051	10058
287	10051	10059
288	10051	10060
289	10051	10061
290	10051	10062
291	10051	10063
292	10051	10064
293	10051	10065
294	10051	10066
295	10051	10067
296	10051	10068
297	10051	10069
298	10051	10070
299	10052	10053
300	10052	10054
301	10052	10055
302	10052	10056
303	10052	10057
304	10052	10058
305	10052	10059
306	10052	10060
307	10052	10061
308	10052	10062
309	10052	10063
310	10052	10064
311	10052	10065
312	10052	10066
313	10052	10067
314	10052	10068
315	10052	10069
316	10052	10070
317	10053	10054
318	10053	10055
319	10053	10056
320	10053	10057
321	10053	10058
322	10053	10059
323	10053	10060
324	10053	10061
325	10053	10062
326	10053	10063
327	10053	10064
328	10053	10065
329	10053	10066
330	10053	10067
331	10053	10068
332	10053	10069
333	10053	10070
334	10054	10055
335	10054	10056
336	10054	10057
337	10054	10058
338	10054	10059
339	10054	10060
340	10054	10061
341	10054	10062
342	10054	10063
343	10054	10064
344	10054	10065
345	10054	10066
346	10054	10067
347	10054	10068
348	10054	10069
349	10054	10070
350	10055	10056
351	10055	10057
352	10055	10058
353	10055	10059
354	10055	10060
355	10055	10061
356	10055	10062
357	10055	10063
358	10055	10064
359	10055	10065
360	10055	10066
361	10055	10067
362	10055	10068
363	10055	10069
364	10055	10070
365	10056	10057
366	10056	10058
367	10056	10059
368	10056	10060
369	10056	10061
370	10056	10062
371	10056	10063
372	10056	10064
373	10056	10065
374	10056	10066
375	10056	10067
376	10056	10068
377	10056	10069
378	10056	10070
379	10057	10058
380	10057	10059
381	10057	10060
382	10057	10061
383	10057	10062
384	10057	10063
385	10057	10064
386	10057	10065
387	10057	10066
388	10057	10067
389	10057	10068
390	10057	10069
391	10057	10070
392	10058	10059
393	10058	10060
394	10058	10061
395	10058	10062
396	10058	10063
397	10058	10064
398	10058	10065
399	10058	10066
400	10058	10067
401	10058	10068
402	10058	10069
403	10058	10070
404	10059	10060
405	10059	10061
406	10059	10062
407	10059	10063
408	10059	10064
409	10059	10065
410	10059	10066
411	10059	10067
412	10059	10068
413	10059	10069
414	10059	10070
415	10060	10061
416	10060	10062
417	10060	10063
418	10060	10064
419	10060	10065
420	10060	10066
421	10060	10067
422	10060	10068
423	10060	10069
424	10060	10070
425	10061	10062
426	10061	10063
427	10061	10064
428	10061	10065
429	10061	10066
430	10061	10067
431	10061	10068
432	10061	10069
433	10061	10070
434	10062	10063
435	10062	10064
436	10062	10065
437	10062	10066
438	10062	10067
439	10062	10068
440	10062	10069
441	10062	10070
442	10063	10064
443	10063	10065
444	10063	10066
445	10063	10067
446	10063	10068
447	10063	10069
448	10063	10070
449	10064	10065
450	10064	10066
451	10064	10067
452	10064	10068
453	10064	10069
454	10064	10070
455	10065	10066
456	10065	10067
457	10065	10068
458	10065	10069
459	10065	10070
460	10066	10067
461	10066	10068
462	10066	10069
463	10066	10070
464	10067	10068
465	10067	10069
466	10067	10070
467	10068	10069
468	10068	10070
469	10069	10070
470	10071	10072
471	10071	10073
472	10071	10074
473	10071	10075
474	10071	10076
475	10071	10077
476	10071	10078
477	10071	10079
478	10071	10080
479	10071	10081
480	10071	10082
481	10071	10083
482	10071	10084
483	10071	10085
484	10071	10086
485	10071	10087
486	10071	10088
487	10071	10089
488	10071	10090
489	10071	10091
490	10071	10092
491	10071	10093
492	10071	10094
493	10071	10095
494	10071	10096
495	10071	10097
496	10071	10098
497	10071	10099
498	10071	10100
499	10071	10101
500	10071	10102
501	10071	10103
502	10072	10073
503	10072	10074
504	10072	10075
505	10072	10076
506	10072	10077
507	10072	10078
508	10072	10079
509	10072	10080
510	10072	10081
511	10072	10082
512	10072	10083
513	10072	10084
514	10072	10085
515	10072	10086
516	10072	10087
517	10072	10088
518	10072	10089
519	10072	10090
520	10072	10091
521	10072	10092
522	10072	10093
523	10072	10094
524	10072	10095
525	10072	10096
526	10072	10097
527	10072	10098
528	10072	10099
529	10072	10100
530	10072	10101
531	10072	10102
532	10072	10103
533	10073	10074
534	10073	10075
535	10073	10076
536	10073	10077
537	10073	10078
538	10073	10079
539	10073	10080
540	10073	10081
541	10073	10082
542	10073	10083
543	10073	10084
544	10073	10085
545	10073	10086
546	10073	10087
547	10073	10088
548	10073	10089
549	10073	10090
550	10073	10091
551	10073	10092
552	10073	10093
553	10073	10094
554	10073	10095
555	10073	10096
556	10073	10097
557	10073	10098
558	10073	10099
559	10073	10100
560	10073	10101
561	10073	10102
562	10073	10103
563	10074	10075
564	10074	10076
565	10074	10077
566	10074	10078
567	10074	10079
568	10074	10080
569	10074	10081
570	10074	10082
571	10074	10083
572	10074	10084
573	10074	10085
574	10074	10086
575	10074	10087
576	10074	10088
577	10074	10089
578	10074	10090
579	10074	10091
580	10074	10092
581	10074	10093
582	10074	10094
583	10074	10095
584	10074	10096
585	10074	10097
586	10074	10098
587	10074	10099
588	10074	10100
589	10074	10101
590	10074	10102
591	10074	10103
592	10075	10076
593	10075	10077
594	10075	10078
595	10075	10079
596	10075	10080
597	10075	10081
598	10075	10082
599	10075	10083
600	10075	10084
601	10075	10085
602	10075	10086
603	10075	10087
604	10075	10088
605	10075	10089
606	10075	10090
607	10075	10091
608	10075	10092
609	10075	10093
610	10075	10094
611	10075	10095
612	10075	10096
613	10075	10097
614	10075	10098
615	10075	10099
616	10075	10100
617	10075	10101
618	10075	10102
619	10075	10103
620	10076	10077
621	10076	10078
622	10076	10079
623	10076	10080
624	10076	10081
625	10076	10082
626	10076	10083
627	10076	10084
628	10076	10085
629	10076	10086
630	10076	10087
631	10076	10088
632	10076	10089
633	10076	10090
634	10076	10091
635	10076	10092
636	10076	10093
637	10076	10094
638	10076	10095
639	10076	10096
640	10076	10097
641	10076	10098
642	10076	10099
643	10076	10100
644	10076	10101
645	10076	10102
646	10076	10103
647	10077	10078
648	10077	10079
649	10077	10080
650	10077	10081
651	10077	10082
652	10077	10083
653	10077	10084
654	10077	10085
655	10077	10086
656	10077	10087
657	10077	10088
658	10077	10089
659	10077	10090
660	10077	10091
661	10077	10092
662	10077	10093
663	10077	10094
664	10077	10095
665	10077	10096
666	10077	10097
667	10077	10098
668	10077	10099
669	10077	10100
670	10077	10101
671	10077	10102
672	10077	10103
673	10078	10079
674	10078	10080
675	10078	10081
676	10078	10082
677	10078	10083
678	10078	10084
679	10078	10085
680	10078	10086
681	10078	10087
682	10078	10088
683	10078	10089
684	10078	10090
685	10078	10091
686	10078	10092
687	10078	10093
688	10078	10094
689	10078	10095
690	10078	10096
691	10078	10097
692	10078	10098
693	10078	10099
694	10078	10100
695	10078	10101
696	10078	10102
697	10078	10103
698	10079	10080
699	10079	10081
700	10079	10082
701	10079	10083
702	10079	10084
703	10079	10085
704	10079	10086
705	10079	10087
706	10079	10088
707	10079	10089
708	10079	10090
709	10079	10091
710	10079	10092
711	10079	10093
712	10079	10094
713	10079	10095
714	10079	10096
715	10079	10097
716	10079	10098
717	10079	10099
718	10079	10100
719	10079	10101
720	10079	10102
721	10079	10103
722	10080	10081
723	10080	10082
724	10080	10083
725	10080	10084
726	10080	10085
727	10080	10086
728	10080	10087
729	10080	10088
730	10080	10089
731	10080	10090
732	10080	10091
733	10080	10092
734	10080	10093
735	10080	10094
736	10080	10095
737	10080	10096
738	10080	10097
739	10080	10098
740	10080	10099
741	10080	10100
742	10080	10101
743	10080	10102
744	10080	10103
745	10081	10082
746	10081	10083
747	10081	10084
748	10081	10085
749	10081	10086
750	10081	10087
751	10081	10088
752	10081	10089
753	10081	10090
754	10081	10091
755	10081	10092
756	10081	10093
757	10081	10094
758	10081	10095
759	10081	10096
760	10081	10097
761	10081	10098
762	10081	10099
763	10081	10100
764	10081	10101
765	10081	10102
766	10081	10103
767	10082	10083
768	10082	10084
769	10082	10085
770	10082	10086
771	10082	10087
772	10082	10088
773	10082	10089
774	10082	10090
775	10082	10091
776	10082	10092
777	10082	10093
778	10082	10094
779	10082	10095
780	10082	10096
781	10082	10097
782	10082	10098
783	10082	10099
784	10082	10100
785	10082	10101
786	10082	10102
787	10082	10103
788	10083	10084
789	10083	10085
790	10083	10086
791	10083	10087
792	10083	10088
793	10083	10089
794	10083	10090
795	10083	10091
796	10083	10092
797	10083	10093
798	10083	10094
799	10083	10095
800	10083	10096
801	10083	10097
802	10083	10098
803	10083	10099
804	10083	10100
805	10083	10101
806	10083	10102
807	10083	10103
808	10084	10085
809	10084	10086
810	10084	10087
811	10084	10088
812	10084	10089
813	10084	10090
814	10084	10091
815	10084	10092
816	10084	10093
817	10084	10094
818	10084	10095
819	10084	10096
820	10084	10097
821	10084	10098
822	10084	10099
823	10084	10100
824	10084	10101
825	10084	10102
826	10084	10103
827	10085	10086
828	10085	10087
829	10085	10088
830	10085	10089
831	10085	10090
832	10085	10091
833	10085	10092
834	10085	10093
835	10085	10094
836	10085	10095
837	10085	10096
838	10085	10097
839	10085	10098
840	10085	10099
841	10085	10100
842	10085	10101
843	10085	10102
844	10085	10103
845	10086	10087
846	10086	10088
847	10086	10089
848	10086	10090
849	10086	10091
850	10086	10092
851	10086	10093
852	10086	10094
853	10086	10095
854	10086	10096
855	10086	10097
856	10086	10098
857	10086	10099
858	10086	10100
859	10086	10101
860	10086	10102
861	10086	10103
862	10087	10088
863	10087	10089
864	10087	10090
865	10087	10091
866	10087	10092
867	10087	10093
868	10087	10094
869	10087	10095
870	10087	10096
871	10087	10097
872	10087	10098
873	10087	10099
874	10087	10100
875	10087	10101
876	10087	10102
877	10087	10103
878	10088	10089
879	10088	10090
880	10088	10091
881	10088	10092
882	10088	10093
883	10088	10094
884	10088	10095
885	10088	10096
886	10088	10097
887	10088	10098
888	10088	10099
889	10088	10100
890	10088	10101
891	10088	10102
892	10088	10103
893	10089	10090
894	10089	10091
895	10089	10092
896	10089	10093
897	10089	10094
898	10089	10095
899	10089	10096
900	10089	10097
901	10089	10098
902	10089	10099
903	10089	10100
904	10089	10101
905	10089	10102
906	10089	10103
907	10090	10091
908	10090	10092
909	10090	10093
910	10090	10094
911	10090	10095
912	10090	10096
913	10090	10097
914	10090	10098
915	10090	10099
916	10090	10100
917	10090	10101
918	10090	10102
919	10090	10103
920	10091	10092
921	10091	10093
922	10091	10094
923	10091	10095
924	10091	10096
925	10091	10097
926	10091	10098
927	10091	10099
928	10091	10100
929	10091	10101
930	10091	10102
931	10091	10103
932	10092	10093
933	10092	10094
934	10092	10095
935	10092	10096
936	10092	10097
937	10092	10098
938	10092	10099
939	10092	10100
940	10092	10101
941	10092	10102
942	10092	10103
943	10093	10094
944	10093	10095
945	10093	10096
946	10093	10097
947	10093	10098
948	10093	10099
949	10093	10100
950	10093	10101
951	10093	10102
952	10093	10103
953	10094	10095
954	10094	10096
955	10094	10097
956	10094	10098
957	10094	10099
958	10094	10100
959	10094	10101
960	10094	10102
961	10094	10103
962	10095	10096
963	10095	10097
964	10095	10098
965	10095	10099
966	10095	10100
967	10095	10101
968	10095	10102
969	10095	10103
970	10096	10097
971	10096	10098
972	10096	10099
973	10096	10100
974	10096	10101
975	10096	10102
976	10096	10103
977	10097	10098
978	10097	10099
979	10097	10100
980	10097	10101
981	10097	10102
982	10097	10103
983	10098	10099
984	10098	10100
985	10098	10101
986	10098	10102
987	10098	10103
988	10099	10100
989	10099	10101
990	10099	10102
991	10099	10103
992	10100	10101
993	10100	10102
994	10100	10103
995	10101	10102
996	10101	10103
997	10102	10103
998	10104	10105
999	10104	10106
1000	10104	10107
1001	10104	10108
1002	10104	10109
1003	10104	10110
1004	10104	10111
1005	10104	10112
1006	10104	10113
1007	10104	10114
1008	10104	10115
1009	10104	10116
1010	10104	10117
1011	10104	10118
1012	10104	10119
1013	10104	10120
1014	10104	10121
1015	10104	10122
1016	10104	10123
1017	10104	10124
1018	10104	10125
1019	10104	10126
1020	10104	10127
1021	10104	10128
1022	10104	10129
1023	10104	10130
1024	10104	10131
1025	10104	10132
1026	10104	10133
1027	10104	10134
1028	10104	10135
1029	10104	10136
1030	10104	10137
1031	10104	10138
1032	10104	10139
1033	10104	10140
1034	10104	10141
1035	10104	10142
1036	10104	10143
1037	10104	10144
1038	10104	10145
1039	10104	10146
1040	10104	10147
1041	10104	10148
1042	10104	10149
1043	10105	10106
1044	10105	10107
1045	10105	10108
1046	10105	10109
1047	10105	10110
1048	10105	10111
1049	10105	10112
1050	10105	10113
1051	10105	10114
1052	10105	10115
1053	10105	10116
1054	10105	10117
1055	10105	10118
1056	10105	10119
1057	10105	10120
1058	10105	10121
1059	10105	10122
1060	10105	10123
1061	10105	10124
1062	10105	10125
1063	10105	10126
1064	10105	10127
1065	10105	10128
1066	10105	10129
1067	10105	10130
1068	10105	10131
1069	10105	10132
1070	10105	10133
1071	10105	10134
1072	10105	10135
1073	10105	10136
1074	10105	10137
1075	10105	10138
1076	10105	10139
1077	10105	10140
1078	10105	10141
1079	10105	10142
1080	10105	10143
1081	10105	10144
1082	10105	10145
1083	10105	10146
1084	10105	10147
1085	10105	10148
1086	10105	10149
1087	10106	10107
1088	10106	10108
1089	10106	10109
1090	10106	10110
1091	10106	10111
1092	10106	10112
1093	10106	10113
1094	10106	10114
1095	10106	10115
1096	10106	10116
1097	10106	10117
1098	10106	10118
1099	10106	10119
1100	10106	10120
1101	10106	10121
1102	10106	10122
1103	10106	10123
1104	10106	10124
1105	10106	10125
1106	10106	10126
1107	10106	10127
1108	10106	10128
1109	10106	10129
1110	10106	10130
1111	10106	10131
1112	10106	10132
1113	10106	10133
1114	10106	10134
1115	10106	10135
1116	10106	10136
1117	10106	10137
1118	10106	10138
1119	10106	10139
1120	10106	10140
1121	10106	10141
1122	10106	10142
1123	10106	10143
1124	10106	10144
1125	10106	10145
1126	10106	10146
1127	10106	10147
1128	10106	10148
1129	10106	10149
1130	10107	10108
1131	10107	10109
1132	10107	10110
1133	10107	10111
1134	10107	10112
1135	10107	10113
1136	10107	10114
1137	10107	10115
1138	10107	10116
1139	10107	10117
1140	10107	10118
1141	10107	10119
1142	10107	10120
1143	10107	10121
1144	10107	10122
1145	10107	10123
1146	10107	10124
1147	10107	10125
1148	10107	10126
1149	10107	10127
1150	10107	10128
1151	10107	10129
1152	10107	10130
1153	10107	10131
1154	10107	10132
1155	10107	10133
1156	10107	10134
1157	10107	10135
1158	10107	10136
1159	10107	10137
1160	10107	10138
1161	10107	10139
1162	10107	10140
1163	10107	10141
1164	10107	10142
1165	10107	10143
1166	10107	10144
1167	10107	10145
1168	10107	10146
1169	10107	10147
1170	10107	10148
1171	10107	10149
1172	10108	10109
1173	10108	10110
1174	10108	10111
1175	10108	10112
1176	10108	10113
1177	10108	10114
1178	10108	10115
1179	10108	10116
1180	10108	10117
1181	10108	10118
1182	10108	10119
1183	10108	10120
1184	10108	10121
1185	10108	10122
1186	10108	10123
1187	10108	10124
1188	10108	10125
1189	10108	10126
1190	10108	10127
1191	10108	10128
1192	10108	10129
1193	10108	10130
1194	10108	10131
1195	10108	10132
1196	10108	10133
1197	10108	10134
1198	10108	10135
1199	10108	10136
1200	10108	10137
1201	10108	10138
1202	10108	10139
1203	10108	10140
1204	10108	10141
1205	10108	10142
1206	10108	10143
1207	10108	10144
1208	10108	10145
1209	10108	10146
1210	10108	10147
1211	10108	10148
1212	10108	10149
1213	10109	10110
1214	10109	10111
1215	10109	10112
1216	10109	10113
1217	10109	10114
1218	10109	10115
1219	10109	10116
1220	10109	10117
1221	10109	10118
1222	10109	10119
1223	10109	10120
1224	10109	10121
1225	10109	10122
1226	10109	10123
1227	10109	10124
1228	10109	10125
1229	10109	10126
1230	10109	10127
1231	10109	10128
1232	10109	10129
1233	10109	10130
1234	10109	10131
1235	10109	10132
1236	10109	10133
1237	10109	10134
1238	10109	10135
1239	10109	10136
1240	10109	10137
1241	10109	10138
1242	10109	10139
1243	10109	10140
1244	10109	10141
1245	10109	10142
1246	10109	10143
1247	10109	10144
1248	10109	10145
1249	10109	10146
1250	10109	10147
1251	10109	10148
1252	10109	10149
1253	10110	10111
1254	10110	10112
1255	10110	10113
1256	10110	10114
1257	10110	10115
1258	10110	10116
1259	10110	10117
1260	10110	10118
1261	10110	10119
1262	10110	10120
1263	10110	10121
1264	10110	10122
1265	10110	10123
1266	10110	10124
1267	10110	10125
1268	10110	10126
1269	10110	10127
1270	10110	10128
1271	10110	10129
1272	10110	10130
1273	10110	10131
1274	10110	10132
1275	10110	10133
1276	10110	10134
1277	10110	10135
1278	10110	10136
1279	10110	10137
1280	10110	10138
1281	10110	10139
1282	10110	10140
1283	10110	10141
1284	10110	10142
1285	10110	10143
1286	10110	10144
1287	10110	10145
1288	10110	10146
1289	10110	10147
1290	10110	10148
1291	10110	10149
1292	10111	10112
1293	10111	10113
1294	10111	10114
1295	10111	10115
1296	10111	10116
1297	10111	10117
1298	10111	10118
1299	10111	10119
1300	10111	10120
1301	10111	10121
1302	10111	10122
1303	10111	10123
1304	10111	10124
1305	10111	10125
1306	10111	10126
1307	10111	10127
1308	10111	10128
1309	10111	10129
1310	10111	10130
1311	10111	10131
1312	10111	10132
1313	10111	10133
1314	10111	10134
1315	10111	10135
1316	10111	10136
1317	10111	10137
1318	10111	10138
1319	10111	10139
1320	10111	10140
1321	10111	10141
1322	10111	10142
1323	10111	10143
1324	10111	10144
1325	10111	10145
1326	10111	10146
1327	10111	10147
1328	10111	10148
1329	10111	10149
1330	10112	10113
1331	10112	10114
1332	10112	10115
1333	10112	10116
1334	10112	10117
1335	10112	10118
1336	10112	10119
1337	10112	10120
1338	10112	10121
1339	10112	10122
1340	10112	10123
1341	10112	10124
1342	10112	10125
1343	10112	10126
1344	10112	10127
1345	10112	10128
1346	10112	10129
1347	10112	10130
1348	10112	10131
1349	10112	10132
1350	10112	10133
1351	10112	10134
1352	10112	10135
1353	10112	10136
1354	10112	10137
1355	10112	10138
1356	10112	10139
1357	10112	10140
1358	10112	10141
1359	10112	10142
1360	10112	10143
1361	10112	10144
1362	10112	10145
1363	10112	10146
1364	10112	10147
1365	10112	10148
1366	10112	10149
1367	10113	10114
1368	10113	10115
1369	10113	10116
1370	10113	10117
1371	10113	10118
1372	10113	10119
1373	10113	10120
1374	10113	10121
1375	10113	10122
1376	10113	10123
1377	10113	10124
1378	10113	10125
1379	10113	10126
1380	10113	10127
1381	10113	10128
1382	10113	10129
1383	10113	10130
1384	10113	10131
1385	10113	10132
1386	10113	10133
1387	10113	10134
1388	10113	10135
1389	10113	10136
1390	10113	10137
1391	10113	10138
1392	10113	10139
1393	10113	10140
1394	10113	10141
1395	10113	10142
1396	10113	10143
1397	10113	10144
1398	10113	10145
1399	10113	10146
1400	10113	10147
1401	10113	10148
1402	10113	10149
1403	10114	10115
1404	10114	10116
1405	10114	10117
1406	10114	10118
1407	10114	10119
1408	10114	10120
1409	10114	10121
1410	10114	10122
1411	10114	10123
1412	10114	10124
1413	10114	10125
1414	10114	10126
1415	10114	10127
1416	10114	10128
1417	10114	10129
1418	10114	10130
1419	10114	10131
1420	10114	10132
1421	10114	10133
1422	10114	10134
1423	10114	10135
1424	10114	10136
1425	10114	10137
1426	10114	10138
1427	10114	10139
1428	10114	10140
1429	10114	10141
1430	10114	10142
1431	10114	10143
1432	10114	10144
1433	10114	10145
1434	10114	10146
1435	10114	10147
1436	10114	10148
1437	10114	10149
1438	10115	10116
1439	10115	10117
1440	10115	10118
1441	10115	10119
1442	10115	10120
1443	10115	10121
1444	10115	10122
1445	10115	10123
1446	10115	10124
1447	10115	10125
1448	10115	10126
1449	10115	10127
1450	10115	10128
1451	10115	10129
1452	10115	10130
1453	10115	10131
1454	10115	10132
1455	10115	10133
1456	10115	10134
1457	10115	10135
1458	10115	10136
1459	10115	10137
1460	10115	10138
1461	10115	10139
1462	10115	10140
1463	10115	10141
1464	10115	10142
1465	10115	10143
1466	10115	10144
1467	10115	10145
1468	10115	10146
1469	10115	10147
1470	10115	10148
1471	10115	10149
1472	10116	10117
1473	10116	10118
1474	10116	10119
1475	10116	10120
1476	10116	10121
1477	10116	10122
1478	10116	10123
1479	10116	10124
1480	10116	10125
1481	10116	10126
1482	10116	10127
1483	10116	10128
1484	10116	10129
1485	10116	10130
1486	10116	10131
1487	10116	10132
1488	10116	10133
1489	10116	10134
1490	10116	10135
1491	10116	10136
1492	10116	10137
1493	10116	10138
1494	10116	10139
1495	10116	10140
1496	10116	10141
1497	10116	10142
1498	10116	10143
1499	10116	10144
1500	10116	10145
1501	10116	10146
1502	10116	10147
1503	10116	10148
1504	10116	10149
1505	10117	10118
1506	10117	10119
1507	10117	10120
1508	10117	10121
1509	10117	10122
1510	10117	10123
1511	10117	10124
1512	10117	10125
1513	10117	10126
1514	10117	10127
1515	10117	10128
1516	10117	10129
1517	10117	10130
1518	10117	10131
1519	10117	10132
1520	10117	10133
1521	10117	10134
1522	10117	10135
1523	10117	10136
1524	10117	10137
1525	10117	10138
1526	10117	10139
1527	10117	10140
1528	10117	10141
1529	10117	10142
1530	10117	10143
1531	10117	10144
1532	10117	10145
1533	10117	10146
1534	10117	10147
1535	10117	10148
1536	10117	10149
1537	10118	10119
1538	10118	10120
1539	10118	10121
1540	10118	10122
1541	10118	10123
1542	10118	10124
1543	10118	10125
1544	10118	10126
1545	10118	10127
1546	10118	10128
1547	10118	10129
1548	10118	10130
1549	10118	10131
1550	10118	10132
1551	10118	10133
1552	10118	10134
1553	10118	10135
1554	10118	10136
1555	10118	10137
1556	10118	10138
1557	10118	10139
1558	10118	10140
1559	10118	10141
1560	10118	10142
1561	10118	10143
1562	10118	10144
1563	10118	10145
1564	10118	10146
1565	10118	10147
1566	10118	10148
1567	10118	10149
1568	10119	10120
1569	10119	10121
1570	10119	10122
1571	10119	10123
1572	10119	10124
1573	10119	10125
1574	10119	10126
1575	10119	10127
1576	10119	10128
1577	10119	10129
1578	10119	10130
1579	10119	10131
1580	10119	10132
1581	10119	10133
1582	10119	10134
1583	10119	10135
1584	10119	10136
1585	10119	10137
1586	10119	10138
1587	10119	10139
1588	10119	10140
1589	10119	10141
1590	10119	10142
1591	10119	10143
1592	10119	10144
1593	10119	10145
1594	10119	10146
1595	10119	10147
1596	10119	10148
1597	10119	10149
1598	10120	10121
1599	10120	10122
1600	10120	10123
1601	10120	10124
1602	10120	10125
1603	10120	10126
1604	10120	10127
1605	10120	10128
1606	10120	10129
1607	10120	10130
1608	10120	10131
1609	10120	10132
1610	10120	10133
1611	10120	10134
1612	10120	10135
1613	10120	10136
1614	10120	10137
1615	10120	10138
1616	10120	10139
1617	10120	10140
1618	10120	10141
1619	10120	10142
1620	10120	10143
1621	10120	10144
1622	10120	10145
1623	10120	10146
1624	10120	10147
1625	10120	10148
1626	10120	10149
1627	10121	10122
1628	10121	10123
1629	10121	10124
1630	10121	10125
1631	10121	10126
1632	10121	10127
1633	10121	10128
1634	10121	10129
1635	10121	10130
1636	10121	10131
1637	10121	10132
1638	10121	10133
1639	10121	10134
1640	10121	10135
1641	10121	10136
1642	10121	10137
1643	10121	10138
1644	10121	10139
1645	10121	10140
1646	10121	10141
1647	10121	10142
1648	10121	10143
1649	10121	10144
1650	10121	10145
1651	10121	10146
1652	10121	10147
1653	10121	10148
1654	10121	10149
1655	10122	10123
1656	10122	10124
1657	10122	10125
1658	10122	10126
1659	10122	10127
1660	10122	10128
1661	10122	10129
1662	10122	10130
1663	10122	10131
1664	10122	10132
1665	10122	10133
1666	10122	10134
1667	10122	10135
1668	10122	10136
1669	10122	10137
1670	10122	10138
1671	10122	10139
1672	10122	10140
1673	10122	10141
1674	10122	10142
1675	10122	10143
1676	10122	10144
1677	10122	10145
1678	10122	10146
1679	10122	10147
1680	10122	10148
1681	10122	10149
1682	10123	10124
1683	10123	10125
1684	10123	10126
1685	10123	10127
1686	10123	10128
1687	10123	10129
1688	10123	10130
1689	10123	10131
1690	10123	10132
1691	10123	10133
1692	10123	10134
1693	10123	10135
1694	10123	10136
1695	10123	10137
1696	10123	10138
1697	10123	10139
1698	10123	10140
1699	10123	10141
1700	10123	10142
1701	10123	10143
1702	10123	10144
1703	10123	10145
1704	10123	10146
1705	10123	10147
1706	10123	10148
1707	10123	10149
1708	10124	10125
1709	10124	10126
1710	10124	10127
1711	10124	10128
1712	10124	10129
1713	10124	10130
1714	10124	10131
1715	10124	10132
1716	10124	10133
1717	10124	10134
1718	10124	10135
1719	10124	10136
1720	10124	10137
1721	10124	10138
1722	10124	10139
1723	10124	10140
1724	10124	10141
1725	10124	10142
1726	10124	10143
1727	10124	10144
1728	10124	10145
1729	10124	10146
1730	10124	10147
1731	10124	10148
1732	10124	10149
1733	10125	10126
1734	10125	10127
1735	10125	10128
1736	10125	10129
1737	10125	10130
1738	10125	10131
1739	10125	10132
1740	10125	10133
1741	10125	10134
1742	10125	10135
1743	10125	10136
1744	10125	10137
1745	10125	10138
1746	10125	10139
1747	10125	10140
1748	10125	10141
1749	10125	10142
1750	10125	10143
1751	10125	10144
1752	10125	10145
1753	10125	10146
1754	10125	10147
1755	10125	10148
1756	10125	10149
1757	10126	10127
1758	10126	10128
1759	10126	10129
1760	10126	10130
1761	10126	10131
1762	10126	10132
1763	10126	10133
1764	10126	10134
1765	10126	10135
1766	10126	10136
1767	10126	10137
1768	10126	10138
1769	10126	10139
1770	10126	10140
1771	10126	10141
1772	10126	10142
1773	10126	10143
1774	10126	10144
1775	10126	10145
1776	10126	10146
1777	10126	10147
1778	10126	10148
1779	10126	10149
1780	10127	10128
1781	10127	10129
1782	10127	10130
1783	10127	10131
1784	10127	10132
1785	10127	10133
1786	10127	10134
1787	10127	10135
1788	10127	10136
1789	10127	10137
1790	10127	10138
1791	10127	10139
1792	10127	10140
1793	10127	10141
1794	10127	10142
1795	10127	10143
1796	10127	10144
1797	10127	10145
1798	10127	10146
1799	10127	10147
1800	10127	10148
1801	10127	10149
1802	10128	10129
1803	10128	10130
1804	10128	10131
1805	10128	10132
1806	10128	10133
1807	10128	10134
1808	10128	10135
1809	10128	10136
1810	10128	10137
1811	10128	10138
1812	10128	10139
1813	10128	10140
1814	10128	10141
1815	10128	10142
1816	10128	10143
1817	10128	10144
1818	10128	10145
1819	10128	10146
1820	10128	10147
1821	10128	10148
1822	10128	10149
1823	10129	10130
1824	10129	10131
1825	10129	10132
1826	10129	10133
1827	10129	10134
1828	10129	10135
1829	10129	10136
1830	10129	10137
1831	10129	10138
1832	10129	10139
1833	10129	10140
1834	10129	10141
1835	10129	10142
1836	10129	10143
1837	10129	10144
1838	10129	10145
1839	10129	10146
1840	10129	10147
1841	10129	10148
1842	10129	10149
1843	10130	10131
1844	10130	10132
1845	10130	10133
1846	10130	10134
1847	10130	10135
1848	10130	10136
1849	10130	10137
1850	10130	10138
1851	10130	10139
1852	10130	10140
1853	10130	10141
1854	10130	10142
1855	10130	10143
1856	10130	10144
1857	10130	10145
1858	10130	10146
1859	10130	10147
1860	10130	10148
1861	10130	10149
1862	10131	10132
1863	10131	10133
1864	10131	10134
1865	10131	10135
1866	10131	10136
1867	10131	10137
1868	10131	10138
1869	10131	10139
1870	10131	10140
1871	10131	10141
1872	10131	10142
1873	10131	10143
1874	10131	10144
1875	10131	10145
1876	10131	10146
1877	10131	10147
1878	10131	10148
1879	10131	10149
1880	10132	10133
1881	10132	10134
1882	10132	10135
1883	10132	10136
1884	10132	10137
1885	10132	10138
1886	10132	10139
1887	10132	10140
1888	10132	10141
1889	10132	10142
1890	10132	10143
1891	10132	10144
1892	10132	10145
1893	10132	10146
1894	10132	10147
1895	10132	10148
1896	10132	10149
1897	10133	10134
1898	10133	10135
1899	10133	10136
1900	10133	10137
1901	10133	10138
1902	10133	10139
1903	10133	10140
1904	10133	10141
1905	10133	10142
1906	10133	10143
1907	10133	10144
1908	10133	10145
1909	10133	10146
1910	10133	10147
1911	10133	10148
1912	10133	10149
1913	10134	10135
1914	10134	10136
1915	10134	10137
1916	10134	10138
1917	10134	10139
1918	10134	10140
1919	10134	10141
1920	10134	10142
1921	10134	10143
1922	10134	10144
1923	10134	10145
1924	10134	10146
1925	10134	10147
1926	10134	10148
1927	10134	10149
1928	10135	10136
1929	10135	10137
1930	10135	10138
1931	10135	10139
1932	10135	10140
1933	10135	10141
1934	10135	10142
1935	10135	10143
1936	10135	10144
1937	10135	10145
1938	10135	10146
1939	10135	10147
1940	10135	10148
1941	10135	10149
1942	10136	10137
1943	10136	10138
1944	10136	10139
1945	10136	10140
1946	10136	10141
1947	10136	10142
1948	10136	10143
1949	10136	10144
1950	10136	10145
1951	10136	10146
1952	10136	10147
1953	10136	10148
1954	10136	10149
1955	10137	10138
1956	10137	10139
1957	10137	10140
1958	10137	10141
1959	10137	10142
1960	10137	10143
1961	10137	10144
1962	10137	10145
1963	10137	10146
1964	10137	10147
1965	10137	10148
1966	10137	10149
1967	10138	10139
1968	10138	10140
1969	10138	10141
1970	10138	10142
1971	10138	10143
1972	10138	10144
1973	10138	10145
1974	10138	10146
1975	10138	10147
1976	10138	10148
1977	10138	10149
1978	10139	10140
1979	10139	10141
1980	10139	10142
1981	10139	10143
1982	10139	10144
1983	10139	10145
1984	10139	10146
1985	10139	10147
1986	10139	10148
1987	10139	10149
1988	10140	10141
1989	10140	10142
1990	10140	10143
1991	10140	10144
1992	10140	10145
1993	10140	10146
1994	10140	10147
1995	10140	10148
1996	10140	10149
1997	10141	10142
1998	10141	10143
1999	10141	10144
2000	10141	10145
2001	10141	10146
2002	10141	10147
2003	10141	10148
2004	10141	10149
2005	10142	10143
2006	10142	10144
2007	10142	10145
2008	10142	10146
2009	10142	10147
2010	10142	10148
2011	10142	10149
2012	10143	10144
2013	10143	10145
2014	10143	10146
2015	10143	10147
2016	10143	10148
2017	10143	10149
2018	10144	10145
2019	10144	10146
2020	10144	10147
2021	10144	10148
2022	10144	10149
2023	10145	10146
2024	10145	10147
2025	10145	10148
2026	10145	10149
2027	10146	10147
2028	10146	10148
2029	10146	10149
2030	10147	10148
2031	10147	10149
2032	10148	10149
2033	10150	10151
2034	10150	10152
2035	10150	10153
2036	10150	10154
2037	10150	10155
2038	10150	10156
2039	10150	10157
2040	10150	10158
2041	10150	10159
2042	10150	10160
2043	10150	10161
2044	10150	10162
2045	10150	10163
2046	10150	10164
2047	10150	10165
2048	10150	10166
2049	10150	10167
2050	10150	10168
2051	10150	10169
2052	10150	10170
2053	10150	10171
2054	10150	10172
2055	10150	10173
2056	10150	10174
2057	10150	10175
2058	10151	10152
2059	10151	10153
2060	10151	10154
2061	10151	10155
2062	10151	10156
2063	10151	10157
2064	10151	10158
2065	10151	10159
2066	10151	10160
2067	10151	10161
2068	10151	10162
2069	10151	10163
2070	10151	10164
2071	10151	10165
2072	10151	10166
2073	10151	10167
2074	10151	10168
2075	10151	10169
2076	10151	10170
2077	10151	10171
2078	10151	10172
2079	10151	10173
2080	10151	10174
2081	10151	10175
2082	10152	10153
2083	10152	10154
2084	10152	10155
2085	10152	10156
2086	10152	10157
2087	10152	10158
2088	10152	10159
2089	10152	10160
2090	10152	10161
2091	10152	10162
2092	10152	10163
2093	10152	10164
2094	10152	10165
2095	10152	10166
2096	10152	10167
2097	10152	10168
2098	10152	10169
2099	10152	10170
2100	10152	10171
2101	10152	10172
2102	10152	10173
2103	10152	10174
2104	10152	10175
2105	10153	10154
2106	10153	10155
2107	10153	10156
2108	10153	10157
2109	10153	10158
2110	10153	10159
2111	10153	10160
2112	10153	10161
2113	10153	10162
2114	10153	10163
2115	10153	10164
2116	10153	10165
2117	10153	10166
2118	10153	10167
2119	10153	10168
2120	10153	10169
2121	10153	10170
2122	10153	10171
2123	10153	10172
2124	10153	10173
2125	10153	10174
2126	10153	10175
2127	10154	10155
2128	10154	10156
2129	10154	10157
2130	10154	10158
2131	10154	10159
2132	10154	10160
2133	10154	10161
2134	10154	10162
2135	10154	10163
2136	10154	10164
2137	10154	10165
2138	10154	10166
2139	10154	10167
2140	10154	10168
2141	10154	10169
2142	10154	10170
2143	10154	10171
2144	10154	10172
2145	10154	10173
2146	10154	10174
2147	10154	10175
2148	10155	10156
2149	10155	10157
2150	10155	10158
2151	10155	10159
2152	10155	10160
2153	10155	10161
2154	10155	10162
2155	10155	10163
2156	10155	10164
2157	10155	10165
2158	10155	10166
2159	10155	10167
2160	10155	10168
2161	10155	10169
2162	10155	10170
2163	10155	10171
2164	10155	10172
2165	10155	10173
2166	10155	10174
2167	10155	10175
2168	10156	10157
2169	10156	10158
2170	10156	10159
2171	10156	10160
2172	10156	10161
2173	10156	10162
2174	10156	10163
2175	10156	10164
2176	10156	10165
2177	10156	10166
2178	10156	10167
2179	10156	10168
2180	10156	10169
2181	10156	10170
2182	10156	10171
2183	10156	10172
2184	10156	10173
2185	10156	10174
2186	10156	10175
2187	10157	10158
2188	10157	10159
2189	10157	10160
2190	10157	10161
2191	10157	10162
2192	10157	10163
2193	10157	10164
2194	10157	10165
2195	10157	10166
2196	10157	10167
2197	10157	10168
2198	10157	10169
2199	10157	10170
2200	10157	10171
2201	10157	10172
2202	10157	10173
2203	10157	10174
2204	10157	10175
2205	10158	10159
2206	10158	10160
2207	10158	10161
2208	10158	10162
2209	10158	10163
2210	10158	10164
2211	10158	10165
2212	10158	10166
2213	10158	10167
2214	10158	10168
2215	10158	10169
2216	10158	10170
2217	10158	10171
2218	10158	10172
2219	10158	10173
2220	10158	10174
2221	10158	10175
2222	10159	10160
2223	10159	10161
2224	10159	10162
2225	10159	10163
2226	10159	10164
2227	10159	10165
2228	10159	10166
2229	10159	10167
2230	10159	10168
2231	10159	10169
2232	10159	10170
2233	10159	10171
2234	10159	10172
2235	10159	10173
2236	10159	10174
2237	10159	10175
2238	10160	10161
2239	10160	10162
2240	10160	10163
2241	10160	10164
2242	10160	10165
2243	10160	10166
2244	10160	10167
2245	10160	10168
2246	10160	10169
2247	10160	10170
2248	10160	10171
2249	10160	10172
2250	10160	10173
2251	10160	10174
2252	10160	10175
2253	10161	10162
2254	10161	10163
2255	10161	10164
2256	10161	10165
2257	10161	10166
2258	10161	10167
2259	10161	10168
2260	10161	10169
2261	10161	10170
2262	10161	10171
2263	10161	10172
2264	10161	10173
2265	10161	10174
2266	10161	10175
2267	10162	10163
2268	10162	10164
2269	10162	10165
2270	10162	10166
2271	10162	10167
2272	10162	10168
2273	10162	10169
2274	10162	10170
2275	10162	10171
2276	10162	10172
2277	10162	10173
2278	10162	10174
2279	10162	10175
2280	10163	10164
2281	10163	10165
2282	10163	10166
2283	10163	10167
2284	10163	10168
2285	10163	10169
2286	10163	10170
2287	10163	10171
2288	10163	10172
2289	10163	10173
2290	10163	10174
2291	10163	10175
2292	10164	10165
2293	10164	10166
2294	10164	10167
2295	10164	10168
2296	10164	10169
2297	10164	10170
2298	10164	10171
2299	10164	10172
2300	10164	10173
2301	10164	10174
2302	10164	10175
2303	10165	10166
2304	10165	10167
2305	10165	10168
2306	10165	10169
2307	10165	10170
2308	10165	10171
2309	10165	10172
2310	10165	10173
2311	10165	10174
2312	10165	10175
2313	10166	10167
2314	10166	10168
2315	10166	10169
2316	10166	10170
2317	10166	10171
2318	10166	10172
2319	10166	10173
2320	10166	10174
2321	10166	10175
2322	10167	10168
2323	10167	10169
2324	10167	10170
2325	10167	10171
2326	10167	10172
2327	10167	10173
2328	10167	10174
2329	10167	10175
2330	10168	10169
2331	10168	10170
2332	10168	10171
2333	10168	10172
2334	10168	10173
2335	10168	10174
2336	10168	10175
2337	10169	10170
2338	10169	10171
2339	10169	10172
2340	10169	10173
2341	10169	10174
2342	10169	10175
2343	10170	10171
2344	10170	10172
2345	10170	10173
2346	10170	10174
2347	10170	10175
2348	10171	10172
2349	10171	10173
2350	10171	10174
2351	10171	10175
2352	10172	10173
2353	10172	10174
2354	10172	10175
2355	10173	10174
2356	10173	10175
2357	10174	10175
2358	10176	10177
2359	10176	10178
2360	10176	10179
2361	10176	10180
2362	10176	10181
2363	10176	10182
2364	10176	10183
2365	10176	10184
2366	10176	10185
2367	10176	10186
2368	10176	10187
2369	10176	10188
2370	10176	10189
2371	10176	10190
2372	10176	10191
2373	10177	10178
2374	10177	10179
2375	10177	10180
2376	10177	10181
2377	10177	10182
2378	10177	10183
2379	10177	10184
2380	10177	10185
2381	10177	10186
2382	10177	10187
2383	10177	10188
2384	10177	10189
2385	10177	10190
2386	10177	10191
2387	10178	10179
2388	10178	10180
2389	10178	10181
2390	10178	10182
2391	10178	10183
2392	10178	10184
2393	10178	10185
2394	10178	10186
2395	10178	10187
2396	10178	10188
2397	10178	10189
2398	10178	10190
2399	10178	10191
2400	10179	10180
2401	10179	10181
2402	10179	10182
2403	10179	10183
2404	10179	10184
2405	10179	10185
2406	10179	10186
2407	10179	10187
2408	10179	10188
2409	10179	10189
2410	10179	10190
2411	10179	10191
2412	10180	10181
2413	10180	10182
2414	10180	10183
2415	10180	10184
2416	10180	10185
2417	10180	10186
2418	10180	10187
2419	10180	10188
2420	10180	10189
2421	10180	10190
2422	10180	10191
2423	10181	10182
2424	10181	10183
2425	10181	10184
2426	10181	10185
2427	10181	10186
2428	10181	10187
2429	10181	10188
2430	10181	10189
2431	10181	10190
2432	10181	10191
2433	10182	10183
2434	10182	10184
2435	10182	10185
2436	10182	10186
2437	10182	10187
2438	10182	10188
2439	10182	10189
2440	10182	10190
2441	10182	10191
2442	10183	10184
2443	10183	10185
2444	10183	10186
2445	10183	10187
2446	10183	10188
2447	10183	10189
2448	10183	10190
2449	10183	10191
2450	10184	10185
2451	10184	10186
2452	10184	10187
2453	10184	10188
2454	10184	10189
2455	10184	10190
2456	10184	10191
2457	10185	10186
2458	10185	10187
2459	10185	10188
2460	10185	10189
2461	10185	10190
2462	10185	10191
2463	10186	10187
2464	10186	10188
2465	10186	10189
2466	10186	10190
2467	10186	10191
2468	10187	10188
2469	10187	10189
2470	10187	10190
2471	10187	10191
2472	10188	10189
2473	10188	10190
2474	10188	10191
2475	10189	10190
2476	10189	10191
2477	10190	10191
2478	10192	10193
2479	10192	10194
2480	10193	10194
