1	 12
2	 11
3	 7
4	 7
5	 1
6	 7
7	 5
8	 2
9	 11
10	 3
11	 1
13	 13
14	 15
15	 12
16	 15
17	 12
18	 13
20	 10
21	 13
22	 14
23	 4
24	 12
25	 6
26	 10
27	 12
29	 10
30	 12
31	 10
32	 6
33	 10
34	 7
35	 9
36	 12
37	 5
38	 8
39	 8
40	 2
41	 6
42	 9
43	 14
44	 6
45	 8
46	 8
47	 6
48	 3
49	 10
50	 4
51	 2
52	 6
53	 9
54	 14
55	 6
56	 8
57	 7
58	 12
59	 2
60	 6
61	 13
62	 5
63	 3
64	 10
65	 12
66	 4
67	 8
69	 9
70	 11
71	 2
72	 1
73	 7
74	 7
75	 8
76	 6
77	 3
78	 9
79	 7
80	 10
81	 1
82	 5
83	 6
84	 7
85	 3
86	 3
87	 1
88	 2
89	 5
90	 3
91	 9
92	 11
93	 12
94	 15
96	 13
97	 13
98	 10
99	 12
100	 15
101	 13
103	 6
104	 7
105	 8
106	 2
107	 4
108	 2
109	 3
110	 6
111	 4
112	 10
113	 9
114	 12
115	 8
116	 8
117	 5
118	 7
119	 10
120	 8
121	 14
122	 3
123	 9
124	 5
125	 6
126	 8
127	 1
128	 7
129	 5
130	 6
131	 6
132	 8
133	 5
134	 2
135	 8
136	 6
137	 6
138	 4
139	 1
140	 8
141	 6
142	 12
143	 4
144	 5
145	 4
146	 6
147	 8
148	 3
149	 6
150	 4
151	 10
152	 7
153	 5
154	 11
155	 6
156	 4
157	 10
158	 2
159	 4
160	 3
161	 3
162	 4
163	 3
164	 5
165	 2
166	 1
167	 1
168	 2
169	 1
170	 3
171	 3
172	 3
173	 4
174	 3
175	 5
176	 2
177	 3
178	 2
179	 4
180	 3
181	 2
182	 4
183	 3
184	 5
185	 4
186	 7
187	 8
188	 1
189	 5
190	 5
191	 8
192	 9
193	 7
194	 2
195	 8
196	 6
197	 9
198	 5
199	 6
200	 9
201	 11
202	 2
203	 3
204	 4
205	 10
206	 5
207	 3
208	 9
209	 12
210	 7
211	 5
212	 12
213	 6
214	 5
215	 6
216	 10
217	 5
218	 5
219	 9
220	 12
221	 7
222	 5
223	 12
224	 8
225	 7
226	 13
227	 8
228	 2
229	 12
230	 15
231	 10
232	 8
233	 15
234	 5
235	 13
236	 9
237	 7
238	 13
239	 15
240	 11
241	 9
242	 15
243	 10
244	 7
245	 13
246	 3
247	 4
248	 10
249	 11
250	 4
251	 15
252	 8
253	 6
254	 9
255	 5
256	 6
257	 9
258	 11
259	 12
260	 15
261	 8
262	 8
263	 15
264	 5
265	 7
266	 9
267	 10
268	 7
269	 14
270	 12
271	 13
272	 2
274	 8
275	 12
276	 13
277	 13
278	 11
280	 3
281	 6
282	 7
283	 2
284	 2
285	 6
286	 9
287	 5
288	 5
289	 1
290	 2
291	 5
292	 3
293	 4
294	 2
295	 3
296	 2
297	 4
298	 5
299	 7
300	 6
301	 3
302	 3
303	 9
304	 12
305	 6
306	 6
307	 2
308	 3
309	 6
310	 6
311	 7
312	 3
313	 4
314	 1
315	 5
316	 8
317	 11
318	 8
319	 8
320	 6
321	 9
322	 11
323	 10
324	 7
325	 8
326	 1
327	 3
328	 4
329	 8
330	 9
331	 6
332	 10
333	 4
334	 7
335	 7
336	 13
338	 10
339	 10
340	 6
341	 7
342	 10
343	 10
344	 11
345	 5
346	 8
347	 5
348	 9
349	 12
350	 2
351	 8
352	 11
353	 5
354	 5
355	 1
356	 2
357	 7
358	 5
359	 6
360	 2
361	 3
362	 2
363	 4
364	 7
365	 8
366	 11
367	 5
368	 5
369	 1
370	 2
371	 7
372	 5
373	 6
374	 2
375	 3
376	 2
377	 4
378	 7
379	 5
380	 11
381	 11
382	 7
383	 8
384	 5
385	 3
386	 4
387	 8
388	 9
389	 8
390	 10
391	 5
392	 14
393	 14
394	 10
395	 11
396	 8
397	 6
398	 7
399	 11
400	 12
401	 11
402	 13
403	 8
404	 8
405	 4
406	 5
407	 10
408	 8
409	 9
410	 5
411	 6
412	 5
413	 5
414	 10
415	 4
416	 5
417	 9
418	 8
419	 9
420	 5
421	 6
422	 5
423	 7
424	 8
425	 1
426	 6
427	 4
428	 5
429	 1
430	 2
431	 1
432	 3
433	 6
434	 7
435	 5
436	 6
437	 2
438	 1
439	 2
440	 4
441	 7
442	 2
443	 3
444	 7
445	 8
446	 5
447	 9
448	 3
449	 1
450	 5
451	 6
452	 5
453	 7
454	 2
455	 6
456	 7
457	 6
458	 8
459	 3
460	 3
461	 2
462	 4
463	 7
464	 3
465	 5
466	 8
467	 4
468	 7
469	 9
470	 3
471	 1
472	 5
473	 6
474	 7
475	 4
476	 3
477	 5
478	 3
479	 7
480	 2
481	 6
482	 3
483	 3
484	 3
485	 2
486	 2
487	 4
488	 3
489	 2
490	 6
491	 2
492	 7
493	 4
494	 1
495	 4
496	 6
497	 5
498	 4
499	 4
500	 4
501	 2
502	 4
503	 2
504	 3
505	 4
506	 1
507	 6
508	 2
509	 2
510	 4
511	 5
512	 3
513	 4
514	 6
515	 4
516	 3
517	 3
518	 1
519	 4
520	 5
521	 3
522	 5
523	 4
524	 3
525	 4
526	 1
527	 3
528	 2
529	 5
530	 5
531	 3
532	 5
533	 6
534	 7
535	 8
536	 5
537	 2
538	 6
539	 4
540	 8
541	 1
542	 7
543	 4
544	 2
545	 4
546	 3
547	 3
548	 5
549	 4
550	 1
551	 7
552	 1
553	 8
554	 3
555	 2
556	 5
557	 7
558	 6
559	 5
560	 5
561	 5
562	 1
563	 1
564	 4
565	 3
566	 8
567	 2
568	 4
569	 4
570	 7
571	 3
572	 6
573	 8
574	 4
575	 5
576	 5
577	 1
578	 6
579	 7
580	 3
581	 7
582	 4
583	 5
584	 4
585	 3
586	 1
587	 4
588	 7
589	 7
590	 1
591	 7
592	 5
593	 4
594	 9
595	 3
596	 5
597	 5
598	 8
599	 4
600	 7
601	 9
602	 5
603	 6
604	 6
605	 2
606	 7
607	 8
608	 4
609	 8
610	 5
611	 6
612	 5
613	 4
614	 2
615	 5
616	 8
617	 8
618	 2
619	 8
620	 3
621	 10
622	 2
623	 4
624	 6
625	 9
626	 5
627	 8
628	 10
629	 6
630	 7
631	 7
632	 3
633	 6
634	 9
635	 1
636	 9
637	 2
638	 5
639	 6
640	 3
641	 5
642	 6
643	 7
644	 7
645	 5
646	 9
647	 7
648	 1
649	 3
650	 5
651	 6
652	 4
653	 5
654	 7
655	 5
656	 4
657	 4
658	 2
659	 3
660	 6
661	 2
662	 6
663	 3
664	 4
665	 5
666	 2
667	 4
668	 3
669	 4
670	 4
671	 4
672	 6
673	 8
674	 6
675	 10
676	 3
677	 9
678	 6
679	 4
680	 6
681	 5
682	 5
683	 7
684	 6
685	 3
686	 9
687	 3
688	 10
689	 5
690	 4
691	 7
692	 9
693	 8
694	 7
695	 7
696	 7
697	 3
698	 4
699	 4
700	 7
701	 3
702	 6
703	 8
704	 4
705	 5
706	 5
707	 1
708	 4
709	 7
710	 1
711	 7
712	 2
713	 5
714	 4
715	 3
716	 3
717	 4
718	 5
719	 5
720	 3
721	 7
722	 6
723	 5
724	 5
725	 4
726	 6
727	 4
728	 3
729	 3
730	 3
731	 4
732	 5
733	 3
734	 5
735	 4
736	 1
737	 4
738	 3
739	 5
740	 4
741	 5
742	 5
743	 5
744	 5
745	 9
746	 1
747	 8
748	 10
749	 6
750	 7
751	 7
752	 3
753	 8
754	 9
755	 5
756	 9
757	 6
758	 7
759	 6
760	 5
761	 5
762	 4
763	 9
764	 9
765	 5
766	 9
767	 8
768	 5
769	 3
770	 5
771	 4
772	 4
773	 6
774	 5
775	 2
776	 8
777	 2
778	 9
779	 4
780	 3
781	 6
782	 8
783	 7
784	 6
785	 6
786	 6
787	 2
788	 7
789	 9
790	 5
791	 6
792	 6
793	 2
794	 7
795	 8
796	 4
797	 8
798	 5
799	 6
800	 5
801	 4
802	 4
803	 3
804	 8
805	 8
806	 4
807	 8
808	 6
809	 4
810	 2
811	 3
812	 5
813	 4
814	 5
815	 7
816	 5
817	 8
818	 5
819	 4
820	 5
821	 7
822	 6
823	 5
824	 5
825	 5
826	 5
827	 6
828	 5
829	 5
830	 7
831	 6
832	 3
833	 9
834	 3
835	 10
836	 5
837	 4
838	 7
839	 9
840	 8
841	 7
842	 7
843	 7
844	 3
845	 3
846	 3
847	 3
848	 2
849	 5
850	 5
851	 5
852	 6
853	 5
854	 2
855	 5
856	 5
857	 6
858	 3
859	 3
860	 3
861	 5
862	 2
863	 4
864	 3
865	 4
866	 6
867	 4
868	 7
869	 4
870	 3
871	 4
872	 6
873	 5
874	 4
875	 4
876	 4
877	 4
878	 4
879	 3
880	 4
881	 6
882	 4
883	 7
884	 4
885	 3
886	 4
887	 6
888	 5
889	 4
890	 4
891	 4
892	 4
893	 5
894	 6
895	 2
896	 6
897	 3
898	 4
899	 3
900	 2
901	 2
902	 3
903	 6
904	 6
905	 2
906	 6
907	 5
908	 5
909	 5
910	 6
911	 5
912	 4
913	 5
914	 7
915	 6
916	 1
917	 1
918	 5
919	 5
920	 8
921	 2
922	 9
923	 4
924	 3
925	 6
926	 8
927	 7
928	 6
929	 6
930	 6
931	 2
932	 8
933	 1
934	 4
935	 5
936	 4
937	 4
938	 5
939	 6
940	 6
941	 4
942	 8
943	 9
944	 4
945	 3
946	 6
947	 8
948	 7
949	 6
950	 6
951	 6
952	 2
953	 5
954	 6
955	 5
956	 5
957	 6
958	 7
959	 7
960	 5
961	 9
962	 5
963	 4
964	 6
965	 5
966	 6
967	 6
968	 6
969	 4
970	 5
971	 5
972	 6
973	 5
974	 5
975	 3
976	 3
977	 4
978	 3
979	 6
980	 6
981	 4
982	 6
983	 5
984	 8
985	 8
986	 2
987	 8
988	 7
989	 7
990	 5
991	 7
992	 2
993	 6
994	 6
995	 6
996	 6
997	 6
998	 2
999	 5
1000	 3
1001	 8
1002	 4
1003	 6
1004	 4
1005	 5
1006	 4
1007	 8
1008	 4
1009	 5
1010	 8
1011	 1
1012	 6
1013	 3
1014	 6
1015	 10
1016	 4
1017	 11
1018	 4
1019	 6
1020	 9
1021	 3
1022	 6
1023	 8
1024	 5
1025	 7
1026	 3
1027	 8
1028	 3
1029	 7
1030	 3
1031	 4
1032	 7
1033	 3
1034	 9
1035	 2
1036	 5
1037	 7
1038	 4
1039	 5
1040	 6
1041	 8
1042	 3
1043	 5
1044	 3
1045	 8
1046	 4
1047	 5
1048	 4
1049	 5
1050	 4
1051	 8
1052	 3
1053	 4
1054	 8
1055	 1
1056	 6
1057	 3
1058	 6
1059	 10
1060	 4
1061	 10
1062	 4
1063	 6
1064	 8
1065	 1
1066	 6
1067	 8
1068	 3
1069	 6
1070	 3
1071	 8
1072	 1
1073	 7
1074	 1
1075	 2
1076	 7
1077	 1
1078	 9
1079	 2
1080	 5
1081	 7
1082	 4
1083	 5
1084	 4
1085	 7
1086	 1
1087	 2
1088	 11
1089	 7
1090	 9
1091	 1
1092	 6
1093	 5
1094	 11
1095	 7
1096	 8
1097	 9
1098	 4
1099	 6
1100	 4
1101	 6
1102	 10
1103	 7
1104	 14
1105	 3
1106	 9
1107	 12
1108	 4
1109	 6
1110	 7
1111	 8
1112	 10
1113	 4
1114	 8
1115	 6
1116	 10
1117	 6
1118	 5
1119	 6
1120	 6
1121	 12
1122	 3
1123	 4
1124	 6
1125	 7
1126	 4
1127	 9
1128	 11
1129	 6
1130	 9
1131	 5
1132	 7
1133	 1
1134	 4
1135	 3
1136	 9
1137	 5
1138	 6
1139	 7
1140	 2
1141	 4
1142	 2
1143	 4
1144	 8
1145	 5
1146	 12
1147	 1
1148	 7
1149	 10
1150	 4
1151	 4
1152	 6
1153	 6
1154	 8
1155	 2
1156	 6
1157	 4
1158	 8
1159	 4
1160	 5
1161	 4
1162	 4
1163	 10
1164	 3
1165	 2
1166	 4
1167	 5
1168	 2
1169	 7
1170	 9
1171	 4
1172	 10
1173	 10
1174	 10
1175	 9
1176	 9
1177	 3
1178	 10
1179	 10
1180	 14
1181	 7
1182	 10
1183	 9
1184	 12
1185	 14
1186	 6
1188	 9
1189	 11
1190	 14
1191	 9
1192	 12
1193	 12
1194	 10
1195	 11
1196	 9
1197	 12
1198	 9
1199	 1
1200	 9
1201	 9
1202	 11
1203	 9
1204	 3
1205	 8
1206	 10
1207	 12
1208	 10
1209	 10
1210	 12
1211	 11
1212	 8
1213	 8
1214	 6
1215	 7
1216	 6
1217	 10
1218	 6
1219	 7
1220	 10
1221	 3
1222	 8
1223	 5
1224	 8
1225	 10
1226	 6
1227	 13
1228	 6
1229	 6
1230	 11
1231	 5
1232	 8
1233	 10
1234	 7
1235	 9
1236	 5
1237	 10
1238	 5
1239	 9
1240	 3
1241	 6
1242	 9
1243	 5
1244	 11
1245	 4
1246	 7
1247	 9
1248	 6
1249	 7
1250	 8
1251	 10
1252	 5
1253	 8
1254	 9
1255	 6
1256	 10
1257	 6
1258	 1
1259	 12
1260	 5
1261	 10
1262	 7
1263	 10
1264	 14
1265	 7
1266	 7
1267	 6
1268	 8
1269	 5
1270	 6
1271	 10
1272	 12
1273	 7
1274	 1
1275	 7
1276	 12
1277	 6
1278	 9
1279	 6
1280	 6
1281	 11
1282	 6
1283	 11
1284	 6
1285	 7
1286	 9
1287	 8
1288	 7
1289	 8
1290	 4
1291	 5
1292	 5
1293	 4
1294	 10
1295	 6
1296	 7
1297	 8
1298	 3
1299	 5
1300	 3
1301	 5
1302	 9
1303	 6
1304	 13
1305	 2
1306	 8
1307	 11
1308	 5
1309	 5
1310	 7
1311	 7
1312	 9
1313	 3
1314	 7
1315	 5
1316	 9
1317	 5
1318	 6
1319	 5
1320	 5
1321	 11
1322	 4
1323	 3
1324	 5
1325	 6
1326	 3
1327	 8
1328	 10
1329	 5
1330	 7
1331	 9
1332	 7
1333	 8
1334	 9
1335	 4
1336	 1
1337	 6
1338	 5
1339	 5
1340	 7
1341	 14
1342	 5
1343	 9
1344	 12
1345	 6
1346	 6
1347	 3
1348	 8
1349	 10
1350	 6
1351	 3
1352	 6
1353	 8
1354	 6
1355	 7
1356	 2
1357	 6
1358	 10
1359	 5
1360	 6
1361	 6
1362	 7
1363	 6
1364	 9
1365	 9
1366	 6
1367	 9
1368	 6
1369	 7
1370	 8
1371	 3
1372	 7
1373	 3
1374	 7
1375	 11
1376	 5
1377	 13
1378	 2
1379	 6
1380	 11
1381	 5
1382	 7
1383	 9
1384	 6
1385	 7
1386	 1
1387	 9
1388	 5
1389	 8
1390	 5
1391	 6
1392	 7
1393	 5
1394	 10
1395	 4
1396	 3
1397	 5
1398	 6
1399	 3
1400	 8
1401	 10
1402	 4
1403	 10
1404	 10
1405	 14
1406	 7
1407	 10
1408	 9
1409	 12
1410	 14
1411	 7
1413	 9
1414	 11
1415	 14
1416	 9
1417	 12
1418	 12
1419	 10
1420	 11
1421	 9
1422	 12
1423	 9
1424	 2
1425	 9
1426	 9
1427	 11
1428	 9
1429	 2
1430	 8
1431	 10
1432	 12
1433	 10
1434	 10
1435	 12
1436	 11
1437	 8
1438	 5
1439	 10
1440	 3
1441	 8
1442	 5
1443	 8
1444	 11
1445	 6
1446	 11
1447	 6
1448	 8
1449	 9
1450	 4
1451	 8
1452	 10
1453	 6
1454	 7
1455	 5
1456	 10
1457	 4
1458	 9
1459	 4
1460	 5
1461	 8
1462	 4
1463	 11
1464	 4
1465	 7
1466	 9
1467	 4
1468	 7
1469	 7
1470	 7
1471	 4
1472	 11
1473	 4
1474	 9
1475	 6
1476	 9
1477	 13
1478	 7
1479	 6
1480	 7
1481	 9
1482	 4
1483	 5
1484	 9
1485	 11
1486	 7
1487	 2
1488	 6
1489	 11
1490	 5
1491	 9
1492	 5
1493	 5
1494	 10
1495	 5
1496	 11
1497	 5
1498	 8
1499	 10
1500	 7
1501	 8
1502	 7
1503	 3
1504	 5
1505	 7
1506	 9
1507	 7
1508	 7
1509	 13
1510	 10
1512	 8
1513	 12
1514	 13
1515	 9
1516	 8
1517	 11
1518	 11
1519	 13
1520	 7
1521	 11
1522	 9
1523	 13
1524	 9
1525	 10
1526	 9
1527	 9
1528	 15
1529	 8
1530	 9
1531	 5
1532	 10
1533	 9
1534	 12
1535	 14
1536	 9
1537	 5
1538	 2
1539	 5
1540	 9
1541	 3
1542	 10
1543	 3
1544	 5
1545	 8
1546	 2
1547	 5
1548	 7
1549	 4
1550	 6
1551	 2
1552	 7
1553	 2
1554	 6
1555	 2
1556	 3
1557	 6
1558	 2
1559	 8
1560	 1
1561	 4
1562	 6
1563	 3
1564	 4
1565	 5
1566	 7
1567	 2
1568	 6
1569	 5
1570	 4
1571	 8
1572	 15
1573	 5
1574	 10
1575	 13
1576	 7
1577	 6
1578	 2
1579	 9
1580	 11
1581	 6
1582	 2
1583	 7
1584	 9
1585	 7
1586	 8
1587	 2
1588	 7
1589	 11
1590	 6
1591	 6
1592	 6
1593	 8
1594	 6
1595	 10
1596	 10
1597	 7
1598	 6
1599	 10
1600	 5
1601	 12
1602	 3
1603	 7
1604	 10
1605	 4
1606	 6
1607	 8
1608	 6
1609	 8
1610	 2
1611	 8
1612	 4
1613	 8
1614	 4
1615	 5
1616	 6
1617	 4
1618	 10
1619	 3
1620	 4
1621	 6
1622	 5
1623	 4
1624	 7
1625	 9
1626	 4
1627	 9
1628	 8
1629	 15
1630	 5
1631	 10
1632	 13
1633	 7
1634	 1
1635	 7
1636	 9
1637	 11
1638	 6
1639	 7
1640	 7
1641	 11
1642	 7
1643	 8
1644	 6
1645	 7
1646	 13
1647	 6
1648	 6
1649	 4
1650	 8
1651	 6
1652	 10
1653	 12
1654	 7
1655	 12
1657	 9
1658	 12
1660	 11
1661	 10
1662	 6
1663	 13
1664	 15
1665	 10
1666	 6
1667	 11
1668	 13
1669	 9
1670	 12
1671	 4
1672	 11
1673	 15
1674	 10
1675	 10
1676	 10
1677	 11
1678	 10
1679	 14
1680	 12
1681	 11
1682	 13
1683	 5
1684	 7
1685	 11
1686	 5
1687	 8
1688	 10
1689	 6
1690	 8
1691	 5
1692	 10
1693	 5
1694	 5
1695	 5
1696	 6
1697	 9
1698	 5
1699	 7
1700	 4
1701	 6
1702	 8
1703	 6
1704	 6
1705	 8
1706	 10
1707	 4
1708	 13
1709	 15
1710	 8
1711	 11
1712	 15
1714	 13
1715	 8
1716	 12
1718	 11
1719	 15
1720	 11
1721	 11
1723	 11
1725	 11
1726	 14
1728	 13
1729	 14
1730	 13
1731	 7
1732	 11
1733	 6
1734	 11
1735	 5
1736	 5
1737	 7
1738	 6
1739	 7
1740	 3
1741	 7
1742	 5
1743	 8
1744	 5
1745	 6
1746	 5
1747	 5
1748	 10
1749	 4
1750	 1
1751	 3
1752	 6
1753	 1
1754	 8
1755	 10
1756	 4
1757	 13
1758	 7
1759	 10
1760	 12
1761	 8
1762	 9
1763	 7
1764	 12
1765	 7
1766	 10
1767	 5
1768	 8
1769	 11
1770	 7
1771	 12
1772	 6
1773	 7
1774	 9
1775	 8
1776	 7
1777	 10
1778	 12
1779	 6
1780	 9
1781	 13
1782	 15
1783	 11
1784	 6
1785	 10
1786	 15
1787	 9
1788	 13
1789	 9
1790	 9
1791	 14
1792	 9
1793	 15
1794	 9
1795	 12
1796	 14
1797	 11
1798	 12
1799	 11
1800	 7
1801	 9
1802	 7
1803	 8
1804	 4
1805	 7
1806	 4
1807	 9
1808	 2
1809	 8
1810	 2
1811	 1
1812	 8
1813	 2
1814	 10
1815	 1
1816	 6
1817	 8
1818	 5
1819	 6
1820	 5
1821	 8
1822	 2
1823	 8
1824	 9
1825	 11
1826	 6
1827	 8
1828	 7
1829	 11
1830	 7
1831	 8
1832	 7
1833	 7
1834	 13
1835	 6
1836	 6
1837	 5
1838	 8
1839	 6
1840	 10
1841	 12
1842	 7
1843	 11
1844	 13
1845	 8
1846	 4
1847	 9
1848	 11
1849	 9
1850	 9
1851	 4
1852	 9
1853	 13
1854	 7
1855	 8
1856	 8
1857	 10
1858	 8
1859	 12
1860	 12
1861	 9
1862	 8
1863	 6
1864	 11
1865	 4
1866	 9
1867	 4
1868	 5
1869	 10
1870	 4
1871	 11
1872	 5
1873	 7
1874	 9
1875	 5
1876	 7
1877	 7
1878	 10
1879	 2
1880	 8
1881	 13
1882	 7
1883	 10
1884	 7
1885	 7
1886	 12
1887	 7
1888	 12
1889	 7
1890	 8
1891	 10
1892	 9
1893	 8
1894	 9
1895	 5
1896	 6
1897	 8
1898	 4
1899	 8
1900	 4
1901	 5
1902	 6
1903	 4
1904	 10
1905	 3
1906	 4
1907	 6
1908	 5
1909	 4
1910	 7
1911	 9
1912	 4
1913	 9
1914	 11
1915	 9
1916	 10
1917	 4
1918	 9
1919	 13
1920	 8
1921	 8
1922	 8
1923	 10
1924	 8
1925	 12
1926	 12
1927	 9
1928	 8
1929	 2
1930	 3
1931	 8
1932	 2
1933	 10
1934	 3
1935	 6
1936	 8
1937	 5
1938	 6
1939	 5
1940	 8
1941	 2
1942	 8
1943	 8
1944	 10
1945	 8
1946	 2
1947	 7
1948	 9
1949	 11
1950	 9
1951	 9
1952	 11
1953	 10
1954	 7
1955	 3
1956	 8
1957	 2
1958	 10
1959	 3
1960	 6
1961	 8
1962	 5
1963	 6
1964	 5
1965	 8
1966	 2
1967	 9
1968	 3
1969	 10
1970	 2
1971	 7
1972	 9
1973	 6
1974	 7
1975	 6
1976	 8
1977	 3
1978	 8
1979	 12
1980	 7
1981	 6
1982	 6
1983	 8
1984	 6
1985	 11
1986	 9
1987	 8
1988	 10
1989	 3
1990	 6
1991	 8
1992	 5
1993	 6
1994	 5
1995	 8
1996	 2
1997	 9
1998	 11
1999	 13
2000	 11
2001	 11
2002	 13
2003	 12
2004	 9
2005	 5
2006	 7
2007	 4
2008	 5
2009	 6
2010	 8
2011	 3
2012	 4
2013	 5
2014	 2
2015	 9
2016	 11
2017	 5
2018	 9
2019	 4
2020	 11
2021	 13
2022	 7
2023	 7
2024	 8
2025	 9
2026	 5
2027	 9
2028	 11
2029	 5
2030	 10
2031	 5
2032	 8
2033	 11
2034	 4
2035	 2
2036	 2
2037	 8
2038	 6
2039	 7
2040	 7
2041	 4
2042	 11
2043	 11
2044	 8
2045	 10
2046	 3
2047	 4
2048	 5
2049	 7
2050	 6
2051	 3
2052	 6
2053	 5
2054	 6
2055	 5
2056	 8
2057	 3
2058	 9
2059	 11
2060	 10
2062	 14
2063	 13
2064	 15
2065	 12
2066	 2
2067	 6
2069	 4
2070	 12
2071	 12
2072	 13
2073	 14
2074	 14
2075	 8
2076	 11
2077	 10
2078	 12
2079	 11
2080	 15
2081	 11
2082	 4
2083	 4
2084	 8
2085	 6
2086	 9
2087	 7
2088	 6
2089	 9
2090	 9
2091	 8
2092	 8
2093	 3
2094	 6
2095	 7
2096	 7
2097	 6
2098	 1
2099	 2
2100	 3
2101	 8
2102	 4
2103	 8
2104	 3
2105	 2
2106	 8
2107	 6
2108	 7
2109	 7
2110	 4
2111	 11
2112	 11
2113	 8
2114	 10
2115	 3
2116	 4
2117	 5
2118	 7
2119	 6
2120	 3
2121	 6
2122	 5
2123	 6
2124	 5
2125	 8
2126	 3
2127	 6
2128	 4
2129	 5
2130	 5
2131	 2
2132	 10
2133	 10
2134	 8
2135	 9
2136	 3
2137	 2
2138	 3
2139	 5
2140	 4
2141	 3
2142	 6
2143	 5
2144	 4
2145	 5
2146	 6
2147	 1
2148	 6
2149	 11
2150	 7
2151	 7
2154	 8
2155	 15
2156	 7
2157	 8
2158	 9
2159	 7
2160	 6
2161	 9
2162	 10
2163	 9
2164	 10
2165	 9
2166	 10
2167	 5
2168	 9
2169	 3
2170	 6
2171	 14
2172	 14
2173	 6
2174	 13
2175	 5
2176	 6
2177	 7
2178	 5
2179	 2
2180	 7
2181	 8
2182	 9
2183	 8
2184	 9
2185	 8
2186	 3
2187	 10
2188	 7
2189	 13
2190	 14
2191	 13
2192	 12
2193	 8
2194	 7
2195	 8
2196	 8
2197	 9
2198	 8
2199	 11
2200	 10
2201	 3
2202	 10
2203	 7
2204	 6
2205	 7
2206	 15
2207	 15
2208	 5
2209	 14
2210	 6
2211	 7
2212	 8
2213	 6
2214	 3
2215	 8
2216	 9
2217	 10
2218	 9
2219	 10
2220	 9
2221	 4
2222	 12
2223	 12
2224	 10
2225	 11
2226	 5
2227	 4
2228	 5
2229	 7
2230	 6
2231	 5
2232	 8
2233	 7
2234	 6
2235	 7
2236	 8
2237	 3
2238	 6
2239	 15
2240	 4
2241	 12
2242	 12
2243	 13
2244	 14
2245	 14
2246	 8
2247	 11
2248	 10
2249	 12
2250	 11
2251	 15
2252	 11
2254	 6
2255	 12
2256	 12
2257	 13
2258	 14
2259	 14
2260	 8
2261	 11
2262	 10
2263	 13
2264	 11
2265	 15
2266	 11
2268	 7
2269	 10
2270	 11
2271	 9
2272	 6
2273	 9
2274	 10
2275	 11
2276	 12
2277	 11
2278	 12
2279	 7
2280	 11
2281	 11
2282	 12
2283	 13
2284	 13
2285	 7
2286	 10
2287	 9
2288	 11
2289	 10
2290	 14
2291	 10
2292	 5
2293	 6
2294	 6
2295	 5
2296	 4
2297	 5
2298	 6
2299	 7
2300	 6
2301	 7
2302	 2
2303	 5
2304	 7
2305	 6
2306	 5
2307	 8
2308	 7
2309	 5
2310	 7
2311	 8
2312	 3
2313	 8
2314	 7
2315	 6
2316	 9
2317	 8
2318	 7
2319	 8
2320	 8
2321	 4
2322	 5
2323	 8
2324	 9
2325	 10
2326	 9
2327	 10
2328	 9
2329	 4
2330	 7
2331	 8
2332	 9
2333	 8
2334	 9
2335	 8
2336	 3
2337	 3
2338	 2
2339	 7
2340	 3
2341	 9
2342	 4
2343	 5
2344	 10
2345	 6
2346	 10
2347	 5
2348	 9
2349	 3
2350	 11
2351	 6
2352	 9
2353	 6
2354	 5
2355	 11
2356	 6
2357	 5
2358	 7
2359	 13
2360	 10
2361	 11
2362	 8
2363	 8
2364	 7
2365	 8
2366	 5
2367	 10
2368	 10
2369	 7
2370	 9
2371	 7
2372	 9
2373	 9
2374	 5
2375	 6
2376	 3
2377	 11
2378	 8
2379	 9
2380	 6
2381	 3
2382	 7
2383	 8
2384	 4
2385	 8
2386	 5
2387	 8
2388	 13
2389	 10
2390	 15
2391	 12
2392	 15
2393	 12
2394	 12
2395	 13
2396	 14
2397	 7
2398	 14
2399	 6
2400	 9
2401	 6
2402	 14
2403	 11
2404	 11
2405	 9
2406	 8
2407	 10
2408	 11
2409	 3
2410	 11
2411	 4
2412	 7
2413	 15
2414	 12
2415	 13
2416	 10
2417	 9
2418	 6
2419	 12
2420	 8
2421	 12
2422	 9
2423	 12
2424	 9
2425	 10
2426	 7
2427	 6
2428	 8
2429	 9
2430	 5
2431	 9
2432	 6
2433	 3
2434	 10
2435	 7
2436	 14
2437	 14
2438	 7
2439	 13
2440	 5
2441	 13
2442	 7
2443	 4
2444	 11
2445	 11
2446	 4
2447	 10
2448	 2
2449	 10
2450	 3
2451	 10
2452	 10
2453	 7
2454	 11
2455	 7
2456	 11
2457	 9
2458	 9
2459	 4
2460	 8
2461	 4
2462	 8
2463	 8
2464	 11
2465	 7
2466	 11
2467	 8
2468	 11
2469	 9
2470	 11
2471	 9
2472	 10
2473	 4
2474	 10
2475	 10
2476	 3
2477	 10
2478	 4
2479	 1
2480	 3
